Initial Stone Tendencies (10 Steps)
===================================
Initial: 1 -> [1, 1, 2, 4, 4, 7, 14, 16, 20, 39, 62]
Initial: 2 -> [1, 1, 2, 4, 4, 6, 12, 16, 19, 30, 57]
Initial: 3 -> [1, 1, 2, 4, 4, 5, 10, 16, 26, 35, 52]
Initial: 4 -> [1, 1, 2, 4, 4, 4, 8, 16, 27, 30, 47]
Initial: 5 -> [1, 1, 1, 2, 4, 8, 8, 11, 22, 32, 45]
Initial: 6 -> [1, 1, 1, 2, 4, 8, 8, 11, 22, 32, 54]
Initial: 7 -> [1, 1, 1, 2, 4, 8, 8, 11, 22, 32, 52]
Initial: 8 -> [1, 1, 1, 2, 4, 7, 7, 11, 22, 31, 48]
Initial: 9 -> [1, 1, 1, 2, 4, 8, 8, 11, 22, 32, 54]
Initial: 10 -> [1, 2, 2, 3, 6, 8, 11, 21, 30, 36, 59]
Initial: 11 -> [1, 2, 2, 4, 8, 8, 14, 28, 32, 40, 78]
Initial: 12 -> [1, 2, 2, 4, 8, 8, 13, 26, 32, 39, 69]
Initial: 13 -> [1, 2, 2, 4, 8, 8, 12, 24, 32, 46, 74]
Initial: 14 -> [1, 2, 2, 4, 8, 8, 11, 22, 32, 47, 69]
Initial: 15 -> [1, 2, 2, 3, 6, 8, 15, 22, 27, 42, 71]
Initial: 16 -> [1, 2, 2, 3, 6, 8, 15, 22, 27, 42, 71]
Initial: 17 -> [1, 2, 2, 3, 6, 8, 15, 22, 27, 42, 71]
Initial: 18 -> [1, 2, 2, 3, 6, 8, 14, 21, 27, 42, 70]
Initial: 19 -> [1, 2, 2, 3, 6, 8, 15, 22, 27, 42, 71]
Initial: 20 -> [1, 2, 2, 3, 6, 8, 10, 19, 30, 35, 50]
Initial: 21 -> [1, 2, 2, 4, 8, 8, 13, 26, 32, 39, 69]
Initial: 22 -> [1, 2, 2, 4, 8, 8, 12, 24, 32, 38, 60]
Initial: 23 -> [1, 2, 2, 4, 8, 8, 11, 22, 32, 45, 65]
Initial: 24 -> [1, 2, 2, 4, 8, 8, 10, 20, 32, 46, 60]
Initial: 25 -> [1, 2, 2, 3, 6, 8, 14, 20, 27, 41, 62]
Initial: 26 -> [1, 2, 2, 3, 6, 8, 14, 20, 27, 41, 62]
Initial: 27 -> [1, 2, 2, 3, 6, 8, 14, 20, 27, 41, 62]
Initial: 28 -> [1, 2, 2, 3, 6, 8, 13, 19, 27, 41, 61]
Initial: 29 -> [1, 2, 2, 3, 6, 8, 14, 20, 27, 41, 62]
Initial: 30 -> [1, 2, 2, 3, 6, 8, 9, 17, 30, 42, 55]
Initial: 31 -> [1, 2, 2, 4, 8, 8, 12, 24, 32, 46, 74]
Initial: 32 -> [1, 2, 2, 4, 8, 8, 11, 22, 32, 45, 65]
Initial: 33 -> [1, 2, 2, 4, 8, 8, 10, 20, 32, 52, 70]
Initial: 34 -> [1, 2, 2, 4, 8, 8, 9, 18, 32, 53, 65]
Initial: 35 -> [1, 2, 2, 3, 6, 8, 13, 18, 27, 48, 67]
Initial: 36 -> [1, 2, 2, 3, 6, 8, 13, 18, 27, 48, 67]
Initial: 37 -> [1, 2, 2, 3, 6, 8, 13, 18, 27, 48, 67]
Initial: 38 -> [1, 2, 2, 3, 6, 8, 12, 17, 27, 48, 66]
Initial: 39 -> [1, 2, 2, 3, 6, 8, 13, 18, 27, 48, 67]
Initial: 40 -> [1, 2, 2, 3, 6, 8, 8, 15, 30, 43, 50]
Initial: 41 -> [1, 2, 2, 4, 8, 8, 11, 22, 32, 47, 69]
Initial: 42 -> [1, 2, 2, 4, 8, 8, 10, 20, 32, 46, 60]
Initial: 43 -> [1, 2, 2, 4, 8, 8, 9, 18, 32, 53, 65]
Initial: 44 -> [1, 2, 2, 4, 8, 8, 8, 16, 32, 54, 60]
Initial: 45 -> [1, 2, 2, 3, 6, 8, 12, 16, 27, 49, 62]
Initial: 46 -> [1, 2, 2, 3, 6, 8, 12, 16, 27, 49, 62]
Initial: 47 -> [1, 2, 2, 3, 6, 8, 12, 16, 27, 49, 62]
Initial: 48 -> [1, 2, 2, 3, 6, 8, 11, 15, 27, 49, 61]
Initial: 49 -> [1, 2, 2, 3, 6, 8, 12, 16, 27, 49, 62]
Initial: 50 -> [1, 2, 2, 2, 4, 8, 12, 15, 25, 38, 52]
Initial: 51 -> [1, 2, 2, 3, 6, 8, 15, 22, 27, 42, 71]
Initial: 52 -> [1, 2, 2, 3, 6, 8, 14, 20, 27, 41, 62]
Initial: 53 -> [1, 2, 2, 3, 6, 8, 13, 18, 27, 48, 67]
Initial: 54 -> [1, 2, 2, 3, 6, 8, 12, 16, 27, 49, 62]
Initial: 55 -> [1, 2, 2, 2, 4, 8, 16, 16, 22, 44, 64]
Initial: 56 -> [1, 2, 2, 2, 4, 8, 16, 16, 22, 44, 64]
Initial: 57 -> [1, 2, 2, 2, 4, 8, 16, 16, 22, 44, 64]
Initial: 58 -> [1, 2, 2, 2, 4, 8, 15, 15, 22, 44, 63]
Initial: 59 -> [1, 2, 2, 2, 4, 8, 16, 16, 22, 44, 64]
Initial: 60 -> [1, 2, 2, 2, 4, 8, 12, 15, 25, 38, 52]
Initial: 61 -> [1, 2, 2, 3, 6, 8, 15, 22, 27, 42, 71]
Initial: 62 -> [1, 2, 2, 3, 6, 8, 14, 20, 27, 41, 62]
Initial: 63 -> [1, 2, 2, 3, 6, 8, 13, 18, 27, 48, 67]
Initial: 64 -> [1, 2, 2, 3, 6, 8, 12, 16, 27, 49, 62]
Initial: 65 -> [1, 2, 2, 2, 4, 8, 16, 16, 22, 44, 64]
Initial: 66 -> [1, 2, 2, 2, 4, 8, 16, 16, 22, 44, 64]
Initial: 67 -> [1, 2, 2, 2, 4, 8, 16, 16, 22, 44, 64]
Initial: 68 -> [1, 2, 2, 2, 4, 8, 15, 15, 22, 44, 63]
Initial: 69 -> [1, 2, 2, 2, 4, 8, 16, 16, 22, 44, 64]
Initial: 70 -> [1, 2, 2, 2, 4, 8, 12, 15, 25, 38, 52]
Initial: 71 -> [1, 2, 2, 3, 6, 8, 15, 22, 27, 42, 71]
Initial: 72 -> [1, 2, 2, 3, 6, 8, 14, 20, 27, 41, 62]
Initial: 73 -> [1, 2, 2, 3, 6, 8, 13, 18, 27, 48, 67]
Initial: 74 -> [1, 2, 2, 3, 6, 8, 12, 16, 27, 49, 62]
Initial: 75 -> [1, 2, 2, 2, 4, 8, 16, 16, 22, 44, 64]
Initial: 76 -> [1, 2, 2, 2, 4, 8, 16, 16, 22, 44, 64]
Initial: 77 -> [1, 2, 2, 2, 4, 8, 16, 16, 22, 44, 64]
Initial: 78 -> [1, 2, 2, 2, 4, 8, 15, 15, 22, 44, 63]
Initial: 79 -> [1, 2, 2, 2, 4, 8, 16, 16, 22, 44, 64]
Initial: 80 -> [1, 2, 2, 2, 4, 8, 11, 14, 25, 38, 51]
Initial: 81 -> [1, 2, 2, 3, 6, 8, 14, 21, 27, 42, 70]
Initial: 82 -> [1, 2, 2, 3, 6, 8, 13, 19, 27, 41, 61]
Initial: 83 -> [1, 2, 2, 3, 6, 8, 12, 17, 27, 48, 66]
Initial: 84 -> [1, 2, 2, 3, 6, 8, 11, 15, 27, 49, 61]
Initial: 85 -> [1, 2, 2, 2, 4, 8, 15, 15, 22, 44, 63]
Initial: 86 -> [1, 2, 2, 2, 4, 8, 15, 15, 22, 44, 63]
Initial: 87 -> [1, 2, 2, 2, 4, 8, 15, 15, 22, 44, 63]
Initial: 88 -> [1, 2, 2, 2, 4, 8, 14, 14, 22, 44, 62]
Initial: 89 -> [1, 2, 2, 2, 4, 8, 15, 15, 22, 44, 63]
Initial: 90 -> [1, 2, 2, 2, 4, 8, 12, 15, 25, 38, 52]
Initial: 91 -> [1, 2, 2, 3, 6, 8, 15, 22, 27, 42, 71]
Initial: 92 -> [1, 2, 2, 3, 6, 8, 14, 20, 27, 41, 62]
Initial: 93 -> [1, 2, 2, 3, 6, 8, 13, 18, 27, 48, 67]
Initial: 94 -> [1, 2, 2, 3, 6, 8, 12, 16, 27, 49, 62]
Initial: 95 -> [1, 2, 2, 2, 4, 8, 16, 16, 22, 44, 64]
Initial: 96 -> [1, 2, 2, 2, 4, 8, 16, 16, 22, 44, 64]
Initial: 97 -> [1, 2, 2, 2, 4, 8, 16, 16, 22, 44, 64]
Initial: 98 -> [1, 2, 2, 2, 4, 8, 15, 15, 22, 44, 63]
Initial: 99 -> [1, 2, 2, 2, 4, 8, 16, 16, 22, 44, 64]
Initial: 100 -> [1, 1, 2, 2, 4, 4, 5, 8, 8, 15, 26]
Initial: 101 -> [1, 1, 2, 2, 4, 4, 6, 8, 10, 15, 23]
Initial: 102 -> [1, 1, 2, 2, 4, 4, 5, 8, 8, 14, 23]
Initial: 103 -> [1, 1, 2, 2, 4, 4, 6, 9, 10, 18, 26]
Initial: 104 -> [1, 1, 2, 2, 3, 5, 7, 11, 17, 25, 31]
Initial: 105 -> [1, 1, 2, 2, 3, 5, 6, 8, 15, 28, 35]
Initial: 106 -> [1, 1, 2, 2, 3, 4, 6, 8, 15, 24, 26]
Initial: 107 -> [1, 1, 2, 2, 3, 4, 6, 7, 13, 19, 19]
Initial: 108 -> [1, 1, 2, 2, 3, 4, 6, 7, 11, 19, 21]
Initial: 109 -> [1, 1, 2, 2, 3, 4, 6, 7, 10, 19, 21]
Initial: 110 -> [1, 1, 2, 2, 3, 4, 7, 10, 12, 20, 25]
Initial: 111 -> [1, 1, 2, 2, 3, 4, 6, 9, 13, 25, 29]
Initial: 112 -> [1, 1, 2, 2, 3, 4, 6, 8, 13, 23, 26]
Initial: 113 -> [1, 1, 2, 2, 3, 4, 6, 8, 12, 19, 24]
Initial: 114 -> [1, 1, 2, 2, 3, 4, 5, 7, 11, 18, 24]
Initial: 115 -> [1, 1, 2, 2, 3, 4, 5, 7, 11, 18, 23]
Initial: 116 -> [1, 1, 2, 2, 3, 4, 5, 8, 13, 21, 25]
Initial: 117 -> [1, 1, 2, 2, 3, 4, 5, 8, 13, 23, 27]
Initial: 118 -> [1, 1, 2, 2, 3, 4, 5, 7, 10, 19, 22]
Initial: 119 -> [1, 1, 2, 2, 3, 4, 5, 7, 10, 19, 23]
Initial: 120 -> [1, 1, 2, 2, 3, 4, 5, 7, 10, 20, 24]
Initial: 121 -> [1, 1, 2, 2, 3, 4, 6, 9, 12, 22, 28]
Initial: 122 -> [1, 1, 2, 2, 3, 4, 4, 8, 13, 24, 30]
Initial: 123 -> [1, 1, 2, 2, 3, 4, 4, 8, 12, 23, 30]
Initial: 124 -> [1, 1, 2, 2, 3, 4, 4, 7, 12, 19, 25]
Initial: 125 -> [1, 1, 2, 2, 3, 5, 7, 9, 15, 26, 38]
Initial: 126 -> [1, 1, 2, 3, 4, 6, 11, 12, 15, 28, 45]
Initial: 127 -> [1, 1, 2, 3, 4, 5, 9, 13, 17, 25, 46]
Initial: 128 -> [1, 1, 2, 3, 4, 5, 9, 12, 21, 30, 42]
Initial: 129 -> [1, 1, 2, 3, 4, 4, 7, 12, 21, 24, 33]
Initial: 130 -> [1, 1, 2, 2, 4, 4, 6, 8, 10, 14, 20]
Initial: 131 -> [1, 1, 2, 2, 4, 4, 7, 8, 8, 15, 19]
Initial: 132 -> [1, 1, 2, 2, 4, 5, 7, 10, 15, 19, 26]
Initial: 133 -> [1, 1, 2, 2, 4, 4, 6, 8, 9, 16, 25]
Initial: 134 -> [1, 1, 2, 2, 4, 4, 6, 8, 11, 15, 22]
Initial: 135 -> [1, 1, 2, 2, 4, 4, 5, 8, 10, 19, 27]
Initial: 136 -> [1, 1, 2, 2, 4, 4, 5, 9, 9, 15, 28]
Initial: 137 -> [1, 1, 2, 2, 4, 4, 4, 8, 9, 15, 25]
Initial: 138 -> [1, 1, 2, 2, 4, 4, 5, 8, 8, 15, 26]
Initial: 139 -> [1, 1, 2, 2, 4, 5, 5, 9, 12, 17, 29]
Initial: 140 -> [1, 1, 2, 2, 4, 4, 4, 8, 10, 19, 30]
Initial: 141 -> [1, 1, 2, 2, 4, 4, 5, 8, 10, 16, 31]
Initial: 142 -> [1, 1, 2, 2, 4, 4, 4, 8, 8, 13, 25]
Initial: 143 -> [1, 1, 2, 2, 4, 4, 5, 8, 9, 17, 24]
Initial: 144 -> [1, 1, 2, 2, 4, 4, 4, 8, 8, 14, 27]
Initial: 145 -> [1, 1, 2, 2, 4, 5, 5, 10, 14, 18, 31]
Initial: 146 -> [1, 1, 2, 2, 3, 5, 5, 7, 12, 22, 29]
Initial: 147 -> [1, 1, 2, 2, 3, 4, 5, 8, 12, 21, 28]
Initial: 148 -> [1, 1, 2, 2, 3, 4, 6, 10, 14, 21, 32]
Initial: 149 -> [1, 1, 2, 2, 3, 4, 5, 8, 14, 24, 29]
Initial: 150 -> [1, 1, 2, 2, 3, 4, 5, 8, 13, 25, 27]
Initial: 151 -> [1, 1, 2, 2, 3, 4, 5, 7, 10, 19, 22]
Initial: 152 -> [1, 1, 2, 2, 3, 4, 5, 7, 10, 19, 22]
Initial: 153 -> [1, 1, 2, 2, 3, 4, 5, 7, 10, 19, 21]
Initial: 154 -> [1, 1, 2, 2, 3, 4, 5, 8, 13, 23, 30]
Initial: 155 -> [1, 1, 2, 2, 3, 4, 4, 8, 12, 24, 32]
Initial: 156 -> [1, 1, 2, 2, 3, 4, 4, 7, 10, 19, 25]
Initial: 157 -> [1, 1, 2, 2, 3, 4, 4, 7, 11, 22, 28]
Initial: 158 -> [1, 1, 2, 2, 3, 4, 4, 7, 10, 18, 23]
Initial: 159 -> [1, 1, 2, 2, 3, 4, 5, 10, 12, 19, 29]
Initial: 160 -> [1, 1, 2, 2, 3, 4, 4, 8, 12, 23, 30]
Initial: 161 -> [1, 1, 2, 2, 3, 4, 4, 8, 12, 22, 27]
Initial: 162 -> [1, 1, 2, 2, 3, 4, 4, 7, 10, 19, 27]
Initial: 163 -> [1, 1, 2, 2, 3, 4, 4, 7, 10, 20, 27]
Initial: 164 -> [1, 1, 2, 2, 3, 4, 4, 7, 11, 21, 25]
Initial: 165 -> [1, 1, 2, 2, 3, 4, 4, 8, 13, 25, 30]
Initial: 166 -> [1, 1, 2, 2, 3, 5, 5, 9, 16, 27, 30]
Initial: 167 -> [1, 1, 2, 2, 3, 4, 7, 11, 12, 18, 34]
Initial: 168 -> [1, 1, 2, 3, 4, 6, 11, 12, 16, 30, 44]
Initial: 169 -> [1, 1, 2, 3, 4, 4, 7, 12, 21, 25, 36]
Initial: 170 -> [1, 1, 2, 3, 4, 4, 7, 12, 16, 22, 39]
Initial: 171 -> [1, 1, 2, 2, 4, 4, 6, 9, 13, 20, 28]
Initial: 172 -> [1, 1, 2, 2, 4, 5, 7, 9, 14, 19, 30]
Initial: 173 -> [1, 1, 2, 2, 4, 4, 6, 8, 9, 14, 20]
Initial: 174 -> [1, 1, 2, 2, 4, 4, 7, 8, 10, 16, 19]
Initial: 175 -> [1, 1, 2, 2, 4, 4, 5, 8, 9, 17, 26]
Initial: 176 -> [1, 1, 2, 2, 4, 4, 6, 9, 9, 18, 30]
Initial: 177 -> [1, 1, 2, 2, 4, 4, 4, 8, 8, 14, 28]
Initial: 178 -> [1, 1, 2, 2, 4, 4, 4, 8, 10, 19, 30]
Initial: 179 -> [1, 1, 2, 2, 4, 4, 5, 8, 9, 16, 29]
Initial: 180 -> [1, 1, 2, 2, 4, 4, 4, 8, 8, 12, 23]
Initial: 181 -> [1, 1, 2, 2, 4, 4, 5, 8, 9, 15, 28]
Initial: 182 -> [1, 1, 2, 2, 4, 4, 4, 8, 8, 12, 24]
Initial: 183 -> [1, 1, 2, 2, 4, 4, 5, 8, 8, 14, 24]
Initial: 184 -> [1, 1, 2, 2, 4, 4, 4, 8, 8, 16, 31]
Initial: 185 -> [1, 1, 2, 2, 4, 4, 4, 8, 8, 13, 25]
Initial: 186 -> [1, 1, 2, 2, 4, 5, 6, 10, 16, 18, 27]
Initial: 187 -> [1, 1, 2, 2, 4, 5, 5, 9, 12, 18, 34]
Initial: 188 -> [1, 1, 2, 2, 3, 4, 5, 8, 13, 23, 27]
Initial: 189 -> [1, 1, 2, 2, 3, 4, 5, 8, 11, 18, 27]
Initial: 190 -> [1, 1, 2, 2, 3, 4, 5, 7, 11, 17, 25]
Initial: 191 -> [1, 1, 2, 2, 3, 4, 5, 8, 11, 20, 25]
Initial: 192 -> [1, 1, 2, 2, 3, 4, 5, 8, 13, 24, 28]
Initial: 193 -> [1, 1, 2, 2, 3, 4, 5, 8, 12, 23, 28]
Initial: 194 -> [1, 1, 2, 2, 3, 4, 5, 7, 9, 16, 21]
Initial: 195 -> [1, 1, 2, 2, 3, 4, 5, 7, 9, 16, 20]
Initial: 196 -> [1, 1, 2, 2, 3, 4, 4, 7, 9, 16, 22]
Initial: 197 -> [1, 1, 2, 2, 3, 4, 5, 10, 13, 24, 36]
Initial: 198 -> [1, 1, 2, 2, 3, 4, 4, 8, 12, 24, 32]
Initial: 199 -> [1, 1, 2, 2, 3, 4, 4, 8, 11, 20, 28]
Initial: 200 -> [1, 1, 2, 2, 3, 4, 4, 7, 10, 19, 27]
Initial: 201 -> [1, 1, 2, 2, 3, 4, 4, 7, 9, 16, 23]
Initial: 202 -> [1, 1, 2, 2, 3, 4, 4, 7, 10, 18, 25]
Initial: 203 -> [1, 1, 2, 2, 3, 4, 4, 8, 12, 23, 30]
Initial: 204 -> [1, 1, 2, 2, 3, 4, 4, 8, 11, 19, 28]
Initial: 205 -> [1, 1, 2, 2, 3, 4, 4, 7, 9, 15, 23]
Initial: 206 -> [1, 1, 2, 2, 3, 4, 4, 7, 9, 18, 25]
Initial: 207 -> [1, 1, 2, 2, 3, 5, 5, 9, 17, 26, 31]
Initial: 208 -> [1, 1, 2, 2, 3, 5, 6, 10, 14, 26, 39]
Initial: 209 -> [1, 1, 2, 3, 4, 5, 9, 12, 20, 29, 38]
Initial: 210 -> [1, 1, 2, 3, 4, 5, 9, 12, 13, 22, 40]
Initial: 211 -> [1, 1, 2, 3, 4, 5, 9, 12, 16, 24, 39]
Initial: 212 -> [1, 1, 2, 3, 4, 4, 7, 12, 19, 22, 35]
Initial: 213 -> [1, 1, 2, 2, 4, 4, 6, 8, 11, 16, 26]
Initial: 214 -> [1, 1, 2, 2, 4, 4, 7, 8, 10, 16, 19]
Initial: 215 -> [1, 1, 2, 2, 4, 4, 6, 8, 8, 15, 22]
Initial: 216 -> [1, 1, 2, 2, 4, 4, 7, 8, 8, 15, 18]
Initial: 217 -> [1, 1, 2, 2, 4, 4, 5, 9, 10, 16, 25]
Initial: 218 -> [1, 1, 2, 2, 4, 4, 5, 8, 9, 15, 25]
Initial: 219 -> [1, 1, 2, 2, 4, 4, 5, 8, 10, 16, 27]
Initial: 220 -> [1, 1, 2, 2, 4, 4, 4, 8, 8, 14, 27]
Initial: 221 -> [1, 1, 2, 2, 4, 4, 5, 8, 11, 18, 26]
Initial: 222 -> [1, 1, 2, 2, 4, 4, 4, 8, 8, 15, 29]
Initial: 223 -> [1, 1, 2, 2, 4, 4, 5, 8, 8, 13, 21]
Initial: 224 -> [1, 1, 2, 2, 4, 5, 5, 10, 14, 18, 30]
Initial: 225 -> [1, 1, 2, 2, 4, 4, 4, 8, 8, 14, 26]
Initial: 226 -> [1, 1, 2, 2, 4, 4, 5, 8, 10, 14, 26]
Initial: 227 -> [1, 1, 2, 2, 4, 5, 5, 9, 12, 19, 37]
Initial: 228 -> [1, 1, 2, 2, 4, 5, 6, 9, 13, 21, 31]
Initial: 229 -> [1, 1, 2, 2, 3, 4, 6, 10, 13, 20, 30]
Initial: 230 -> [1, 1, 2, 2, 3, 4, 5, 8, 13, 23, 26]
Initial: 231 -> [1, 1, 2, 2, 3, 4, 5, 8, 13, 24, 28]
Initial: 232 -> [1, 1, 2, 2, 3, 4, 5, 7, 11, 18, 23]
Initial: 233 -> [1, 1, 2, 2, 3, 4, 5, 7, 11, 19, 25]
Initial: 234 -> [1, 1, 2, 2, 3, 4, 5, 7, 11, 19, 25]
Initial: 235 -> [1, 1, 2, 2, 3, 4, 6, 10, 13, 22, 28]
Initial: 236 -> [1, 1, 2, 2, 3, 4, 5, 8, 12, 22, 24]
Initial: 237 -> [1, 1, 2, 2, 3, 4, 4, 8, 13, 24, 30]
Initial: 238 -> [1, 1, 2, 2, 3, 4, 4, 7, 10, 17, 25]
Initial: 239 -> [1, 1, 2, 2, 3, 4, 4, 7, 10, 16, 23]
Initial: 240 -> [1, 1, 2, 2, 3, 4, 4, 7, 11, 21, 28]
Initial: 241 -> [1, 1, 2, 2, 3, 4, 4, 8, 12, 22, 29]
Initial: 242 -> [1, 1, 2, 2, 3, 4, 4, 8, 12, 22, 29]
Initial: 243 -> [1, 1, 2, 2, 3, 4, 4, 7, 10, 19, 26]
Initial: 244 -> [1, 1, 2, 2, 3, 4, 4, 7, 10, 18, 24]
Initial: 245 -> [1, 1, 2, 2, 2, 4, 5, 9, 14, 25, 32]
Initial: 246 -> [1, 1, 2, 2, 2, 4, 5, 8, 14, 27, 30]
Initial: 247 -> [1, 1, 2, 2, 2, 4, 4, 7, 14, 28, 28]
Initial: 248 -> [1, 1, 2, 2, 2, 4, 4, 7, 14, 27, 28]
Initial: 249 -> [1, 1, 2, 2, 2, 4, 4, 6, 12, 24, 24]
Initial: 250 -> [1, 1, 2, 2, 2, 4, 6, 7, 13, 26, 28]
Initial: 251 -> [1, 1, 2, 3, 3, 6, 10, 11, 16, 32, 44]
Initial: 252 -> [1, 1, 2, 3, 3, 5, 8, 11, 17, 26, 38]
Initial: 253 -> [1, 1, 2, 3, 3, 5, 8, 12, 22, 36, 43]
Initial: 254 -> [1, 1, 2, 3, 3, 4, 6, 12, 24, 31, 37]
Initial: 255 -> [1, 1, 2, 2, 3, 4, 5, 8, 13, 23, 26]
Initial: 256 -> [1, 1, 2, 2, 3, 4, 6, 8, 12, 24, 24]
Initial: 257 -> [1, 1, 2, 2, 3, 5, 6, 10, 19, 28, 32]
Initial: 258 -> [1, 1, 2, 2, 3, 4, 5, 8, 13, 24, 29]
Initial: 259 -> [1, 1, 2, 2, 3, 4, 7, 10, 15, 22, 28]
Initial: 260 -> [1, 1, 2, 2, 3, 4, 5, 7, 10, 19, 23]
Initial: 261 -> [1, 1, 2, 2, 3, 4, 5, 8, 11, 20, 26]
Initial: 262 -> [1, 1, 2, 2, 3, 4, 4, 7, 11, 21, 28]
Initial: 263 -> [1, 1, 2, 2, 3, 4, 5, 7, 10, 20, 24]
Initial: 264 -> [1, 1, 2, 2, 3, 5, 5, 8, 14, 22, 28]
Initial: 265 -> [1, 1, 2, 2, 3, 4, 4, 7, 11, 21, 26]
Initial: 266 -> [1, 1, 2, 2, 3, 4, 5, 7, 12, 20, 27]
Initial: 267 -> [1, 1, 2, 2, 3, 4, 4, 7, 10, 17, 26]
Initial: 268 -> [1, 1, 2, 2, 3, 4, 5, 8, 13, 25, 27]
Initial: 269 -> [1, 1, 2, 2, 3, 4, 4, 8, 12, 23, 29]
Initial: 270 -> [1, 1, 2, 2, 3, 4, 4, 8, 11, 19, 28]
Initial: 271 -> [1, 1, 2, 2, 2, 4, 4, 7, 14, 27, 28]
Initial: 272 -> [1, 1, 2, 2, 2, 4, 4, 7, 14, 26, 26]
Initial: 273 -> [1, 1, 2, 2, 2, 4, 6, 12, 16, 26, 36]
Initial: 274 -> [1, 1, 2, 2, 2, 4, 5, 9, 16, 31, 36]
Initial: 275 -> [1, 1, 2, 2, 2, 4, 4, 7, 14, 25, 26]
Initial: 276 -> [1, 1, 2, 2, 2, 4, 4, 6, 12, 24, 24]
Initial: 277 -> [1, 1, 2, 2, 2, 4, 4, 6, 11, 21, 22]
Initial: 278 -> [1, 1, 2, 2, 2, 4, 4, 6, 12, 24, 24]
Initial: 279 -> [1, 1, 2, 2, 2, 4, 4, 7, 14, 27, 28]
Initial: 280 -> [1, 1, 2, 2, 2, 4, 4, 7, 14, 28, 29]
Initial: 281 -> [1, 1, 2, 2, 2, 4, 4, 6, 12, 23, 23]
Initial: 282 -> [1, 1, 2, 2, 2, 4, 4, 7, 13, 26, 26]
Initial: 283 -> [1, 1, 2, 2, 2, 4, 4, 7, 14, 28, 28]
Initial: 284 -> [1, 1, 2, 2, 2, 4, 5, 10, 16, 28, 33]
Initial: 285 -> [1, 1, 2, 2, 2, 4, 4, 8, 16, 31, 32]
Initial: 286 -> [1, 1, 2, 2, 2, 4, 4, 8, 16, 32, 32]
Initial: 287 -> [1, 1, 2, 2, 2, 4, 4, 7, 13, 25, 26]
Initial: 288 -> [1, 1, 2, 2, 2, 4, 5, 9, 14, 26, 33]
Initial: 289 -> [1, 1, 2, 2, 2, 4, 4, 7, 12, 23, 24]
Initial: 290 -> [1, 1, 2, 2, 2, 4, 4, 7, 14, 28, 28]
Initial: 291 -> [1, 1, 2, 2, 2, 4, 4, 7, 14, 28, 28]
Initial: 292 -> [1, 1, 2, 2, 2, 4, 6, 10, 13, 22, 34]
Initial: 293 -> [1, 1, 2, 3, 3, 6, 10, 11, 17, 33, 43]
Initial: 294 -> [1, 1, 2, 3, 3, 4, 6, 11, 22, 28, 34]
Initial: 295 -> [1, 1, 2, 3, 3, 4, 6, 11, 17, 26, 37]
Initial: 296 -> [1, 1, 2, 2, 3, 4, 5, 9, 15, 27, 33]
Initial: 297 -> [1, 1, 2, 2, 3, 5, 6, 9, 16, 25, 35]
Initial: 298 -> [1, 1, 2, 2, 3, 4, 5, 8, 13, 23, 26]
Initial: 299 -> [1, 1, 2, 2, 3, 4, 6, 8, 14, 25, 25]
Initial: 300 -> [1, 1, 2, 2, 3, 4, 5, 8, 12, 23, 26]
Initial: 301 -> [1, 1, 2, 2, 3, 4, 6, 9, 13, 26, 30]
Initial: 302 -> [1, 1, 2, 2, 3, 4, 5, 10, 11, 17, 30]
Initial: 303 -> [1, 1, 2, 2, 3, 4, 5, 10, 12, 20, 32]
Initial: 304 -> [1, 1, 2, 2, 3, 4, 5, 7, 10, 18, 26]
Initial: 305 -> [1, 1, 2, 2, 3, 4, 4, 7, 10, 17, 22]
Initial: 306 -> [1, 1, 2, 2, 3, 4, 5, 7, 11, 20, 26]
Initial: 307 -> [1, 1, 2, 2, 3, 4, 4, 7, 10, 18, 24]
Initial: 308 -> [1, 1, 2, 2, 3, 4, 5, 7, 10, 18, 22]
Initial: 309 -> [1, 1, 2, 2, 3, 4, 4, 7, 9, 18, 25]
Initial: 310 -> [1, 1, 2, 2, 3, 4, 4, 7, 10, 18, 23]
Initial: 311 -> [1, 1, 2, 2, 3, 4, 5, 8, 14, 22, 26]
Initial: 312 -> [1, 1, 2, 2, 3, 4, 4, 8, 12, 23, 30]
Initial: 313 -> [1, 1, 2, 2, 2, 4, 4, 8, 16, 32, 32]
Initial: 314 -> [1, 1, 2, 2, 2, 4, 4, 7, 12, 23, 24]
Initial: 315 -> [1, 1, 2, 2, 2, 4, 4, 7, 13, 25, 26]
Initial: 316 -> [1, 1, 2, 2, 2, 4, 4, 8, 14, 27, 28]
Initial: 317 -> [1, 1, 2, 2, 2, 4, 5, 10, 16, 30, 36]
Initial: 318 -> [1, 1, 2, 2, 2, 4, 4, 7, 14, 28, 28]
Initial: 319 -> [1, 1, 2, 2, 2, 4, 4, 6, 11, 21, 23]
Initial: 320 -> [1, 1, 2, 2, 2, 4, 4, 6, 11, 21, 23]
Initial: 321 -> [1, 1, 2, 2, 2, 4, 4, 6, 11, 20, 21]
Initial: 322 -> [1, 1, 2, 2, 2, 4, 5, 9, 14, 26, 32]
Initial: 323 -> [1, 1, 2, 2, 2, 4, 4, 7, 14, 27, 27]
Initial: 324 -> [1, 1, 2, 2, 2, 4, 4, 7, 13, 25, 26]
Initial: 325 -> [1, 1, 2, 2, 2, 4, 4, 6, 11, 21, 23]
Initial: 326 -> [1, 1, 2, 2, 2, 4, 4, 7, 13, 25, 27]
Initial: 327 -> [1, 1, 2, 2, 2, 4, 4, 7, 14, 28, 29]
Initial: 328 -> [1, 1, 2, 2, 2, 4, 4, 8, 16, 32, 32]
Initial: 329 -> [1, 1, 2, 2, 2, 4, 4, 8, 15, 27, 29]
Initial: 330 -> [1, 1, 2, 2, 2, 4, 4, 7, 13, 23, 24]
Initial: 331 -> [1, 1, 2, 2, 2, 4, 5, 9, 13, 25, 32]
Initial: 332 -> [1, 1, 2, 2, 2, 4, 5, 9, 14, 26, 32]
Initial: 333 -> [1, 1, 2, 2, 2, 4, 5, 9, 14, 27, 34]
Initial: 334 -> [1, 1, 2, 3, 3, 5, 8, 11, 21, 32, 38]
Initial: 335 -> [1, 1, 2, 3, 3, 5, 8, 11, 14, 27, 42]
Initial: 336 -> [1, 1, 2, 3, 3, 5, 8, 11, 17, 25, 37]
Initial: 337 -> [1, 1, 2, 3, 3, 4, 6, 11, 20, 26, 34]
Initial: 338 -> [1, 1, 2, 2, 3, 4, 5, 7, 12, 20, 25]
Initial: 339 -> [1, 1, 2, 2, 3, 4, 6, 7, 11, 21, 21]
Initial: 340 -> [1, 1, 2, 2, 3, 4, 5, 8, 12, 23, 28]
Initial: 341 -> [1, 1, 2, 2, 3, 4, 6, 8, 11, 22, 22]
Initial: 342 -> [1, 1, 2, 2, 3, 4, 5, 9, 14, 25, 29]
Initial: 343 -> [1, 1, 2, 2, 3, 4, 5, 8, 13, 22, 26]
Initial: 344 -> [1, 1, 2, 2, 3, 4, 5, 8, 14, 23, 28]
Initial: 345 -> [1, 1, 2, 2, 3, 4, 4, 8, 12, 23, 30]
Initial: 346 -> [1, 1, 2, 2, 3, 4, 6, 9, 11, 18, 28]
Initial: 347 -> [1, 1, 2, 2, 3, 4, 4, 7, 10, 20, 28]
Initial: 348 -> [1, 1, 2, 2, 3, 4, 5, 7, 9, 17, 20]
Initial: 349 -> [1, 1, 2, 2, 3, 5, 5, 9, 16, 22, 28]
Initial: 350 -> [1, 1, 2, 2, 3, 4, 4, 7, 10, 20, 28]
Initial: 351 -> [1, 1, 2, 2, 3, 4, 5, 7, 12, 19, 24]
Initial: 352 -> [1, 1, 2, 2, 3, 4, 4, 7, 10, 17, 25]
Initial: 353 -> [1, 1, 2, 2, 3, 4, 5, 7, 10, 20, 25]
Initial: 354 -> [1, 1, 2, 2, 2, 4, 5, 10, 16, 29, 34]
Initial: 355 -> [1, 1, 2, 2, 2, 4, 4, 8, 16, 32, 32]
Initial: 356 -> [1, 1, 2, 2, 2, 4, 4, 8, 16, 32, 32]
Initial: 357 -> [1, 1, 2, 2, 2, 4, 4, 7, 14, 27, 27]
Initial: 358 -> [1, 1, 2, 2, 2, 4, 4, 7, 14, 26, 28]
Initial: 359 -> [1, 1, 2, 2, 2, 4, 4, 7, 14, 27, 29]
Initial: 360 -> [1, 1, 2, 2, 2, 4, 6, 12, 16, 26, 37]
Initial: 361 -> [1, 1, 2, 2, 2, 4, 4, 8, 14, 25, 27]
Initial: 362 -> [1, 1, 2, 2, 2, 4, 4, 7, 14, 27, 29]
Initial: 363 -> [1, 1, 2, 2, 2, 4, 4, 6, 12, 22, 23]
Initial: 364 -> [1, 1, 2, 2, 2, 4, 4, 6, 12, 20, 22]
Initial: 365 -> [1, 1, 2, 2, 2, 4, 4, 6, 12, 23, 24]
Initial: 366 -> [1, 1, 2, 2, 2, 4, 4, 7, 14, 26, 26]
Initial: 367 -> [1, 1, 2, 2, 2, 4, 4, 7, 14, 26, 27]
Initial: 368 -> [1, 1, 2, 2, 2, 4, 4, 6, 12, 24, 24]
Initial: 369 -> [1, 1, 2, 2, 2, 4, 4, 7, 14, 27, 28]
Initial: 370 -> [1, 1, 2, 2, 2, 4, 4, 7, 14, 26, 27]
Initial: 371 -> [1, 1, 2, 2, 2, 4, 5, 9, 16, 30, 33]
Initial: 372 -> [1, 1, 2, 2, 2, 4, 4, 8, 16, 32, 32]
Initial: 373 -> [1, 1, 2, 2, 2, 4, 4, 8, 16, 31, 32]
Initial: 374 -> [1, 1, 2, 2, 2, 4, 4, 7, 14, 28, 28]
Initial: 375 -> [1, 1, 2, 2, 2, 4, 7, 10, 15, 29, 38]
Initial: 376 -> [1, 1, 2, 3, 3, 6, 10, 11, 16, 31, 43]
Initial: 377 -> [1, 1, 2, 3, 3, 5, 8, 11, 17, 27, 40]
Initial: 378 -> [1, 1, 2, 3, 3, 5, 8, 11, 20, 32, 39]
Initial: 379 -> [1, 1, 2, 3, 3, 4, 6, 11, 22, 28, 34]
Initial: 380 -> [1, 1, 2, 2, 3, 4, 5, 7, 11, 17, 21]
Initial: 381 -> [1, 1, 2, 2, 3, 4, 6, 7, 10, 20, 20]
Initial: 382 -> [1, 1, 2, 2, 3, 5, 6, 9, 17, 23, 27]
Initial: 383 -> [1, 1, 2, 2, 3, 4, 5, 8, 13, 23, 28]
Initial: 384 -> [1, 1, 2, 2, 3, 4, 6, 8, 15, 23, 23]
Initial: 385 -> [1, 1, 2, 2, 3, 4, 5, 8, 12, 23, 27]
Initial: 386 -> [1, 1, 2, 2, 3, 4, 5, 9, 13, 24, 30]
Initial: 387 -> [1, 1, 2, 2, 3, 4, 4, 8, 13, 25, 30]
Initial: 388 -> [1, 1, 2, 2, 3, 4, 5, 8, 12, 23, 27]
Initial: 389 -> [1, 1, 2, 2, 3, 5, 6, 11, 16, 26, 39]
Initial: 390 -> [1, 1, 2, 2, 3, 4, 4, 7, 12, 23, 28]
Initial: 391 -> [1, 1, 2, 2, 3, 4, 5, 7, 12, 20, 27]
Initial: 392 -> [1, 1, 2, 2, 3, 4, 4, 7, 10, 18, 24]
Initial: 393 -> [1, 1, 2, 2, 3, 4, 5, 7, 11, 21, 23]
Initial: 394 -> [1, 1, 2, 2, 3, 4, 4, 7, 10, 18, 24]
Initial: 395 -> [1, 1, 2, 2, 3, 4, 4, 7, 10, 19, 28]
Initial: 396 -> [1, 1, 2, 2, 2, 4, 4, 6, 12, 23, 25]
Initial: 397 -> [1, 1, 2, 2, 2, 4, 4, 6, 12, 24, 24]
Initial: 398 -> [1, 1, 2, 2, 2, 4, 5, 10, 16, 29, 34]
Initial: 399 -> [1, 1, 2, 2, 2, 4, 4, 8, 16, 31, 32]
Initial: 400 -> [1, 1, 2, 2, 2, 4, 4, 8, 16, 30, 30]
Initial: 401 -> [1, 1, 2, 2, 2, 4, 4, 7, 14, 28, 28]
Initial: 402 -> [1, 1, 2, 2, 2, 4, 4, 7, 14, 28, 28]
Initial: 403 -> [1, 1, 2, 2, 2, 4, 5, 9, 14, 26, 32]
Initial: 404 -> [1, 1, 2, 2, 2, 4, 5, 10, 16, 29, 36]
Initial: 405 -> [1, 1, 2, 2, 2, 4, 4, 7, 14, 27, 27]
Initial: 406 -> [1, 1, 2, 2, 2, 4, 4, 6, 12, 23, 24]
Initial: 407 -> [1, 1, 2, 2, 2, 4, 4, 6, 12, 24, 24]
Initial: 408 -> [1, 1, 2, 2, 2, 4, 4, 6, 12, 23, 25]
Initial: 409 -> [1, 1, 2, 2, 2, 4, 5, 9, 14, 25, 30]
Initial: 410 -> [1, 1, 2, 2, 2, 4, 4, 7, 14, 28, 28]
Initial: 411 -> [1, 1, 2, 2, 2, 4, 4, 7, 14, 27, 27]
Initial: 412 -> [1, 1, 2, 2, 2, 4, 4, 7, 14, 27, 28]
Initial: 413 -> [1, 1, 2, 2, 2, 4, 4, 7, 14, 28, 28]
Initial: 414 -> [1, 1, 2, 2, 2, 4, 4, 7, 14, 27, 28]
Initial: 415 -> [1, 1, 2, 2, 2, 4, 4, 8, 16, 32, 32]
Initial: 416 -> [1, 1, 2, 2, 2, 4, 4, 8, 15, 29, 30]
Initial: 417 -> [1, 1, 2, 2, 2, 4, 6, 11, 15, 26, 37]
Initial: 418 -> [1, 1, 2, 3, 3, 6, 11, 14, 19, 36, 52]
Initial: 419 -> [1, 1, 2, 3, 3, 4, 6, 11, 22, 28, 35]
Initial: 420 -> [1, 1, 2, 3, 3, 4, 6, 11, 17, 26, 38]
Initial: 421 -> [1, 1, 2, 2, 3, 4, 5, 8, 13, 23, 29]
Initial: 422 -> [1, 1, 2, 2, 3, 5, 6, 8, 15, 24, 33]
Initial: 423 -> [1, 1, 2, 2, 3, 4, 5, 7, 11, 19, 22]
Initial: 424 -> [1, 1, 2, 2, 3, 4, 6, 7, 12, 21, 21]
Initial: 425 -> [1, 1, 2, 2, 3, 4, 5, 7, 10, 19, 22]
Initial: 426 -> [1, 1, 2, 2, 3, 4, 6, 9, 13, 26, 30]
Initial: 427 -> [1, 1, 2, 2, 3, 4, 4, 8, 12, 23, 30]
Initial: 428 -> [1, 1, 2, 2, 3, 4, 4, 8, 12, 23, 30]
Initial: 429 -> [1, 1, 2, 2, 3, 4, 5, 8, 13, 25, 31]
Initial: 430 -> [1, 1, 2, 2, 3, 4, 4, 8, 12, 22, 27]
Initial: 431 -> [1, 1, 2, 2, 3, 4, 5, 8, 13, 24, 30]
Initial: 432 -> [1, 1, 2, 2, 3, 4, 5, 10, 12, 21, 34]
Initial: 433 -> [1, 1, 2, 2, 3, 4, 5, 7, 10, 17, 22]
Initial: 434 -> [1, 1, 2, 2, 3, 4, 4, 7, 10, 19, 26]
Initial: 435 -> [1, 1, 2, 2, 3, 4, 4, 7, 10, 18, 23]
Initial: 436 -> [1, 1, 2, 2, 3, 4, 5, 7, 12, 19, 23]
Initial: 437 -> [1, 1, 2, 2, 3, 4, 4, 7, 10, 19, 26]
Initial: 438 -> [1, 1, 2, 2, 2, 4, 4, 7, 14, 28, 28]
Initial: 439 -> [1, 1, 2, 2, 2, 4, 4, 6, 11, 21, 23]
Initial: 440 -> [1, 1, 2, 2, 2, 4, 4, 6, 11, 21, 22]
Initial: 441 -> [1, 1, 2, 2, 2, 4, 4, 8, 14, 26, 27]
Initial: 442 -> [1, 1, 2, 2, 2, 4, 4, 8, 16, 32, 32]
Initial: 443 -> [1, 1, 2, 2, 2, 4, 4, 8, 15, 28, 30]
Initial: 444 -> [1, 1, 2, 2, 2, 4, 4, 7, 13, 25, 27]
Initial: 445 -> [1, 1, 2, 2, 2, 4, 4, 7, 13, 24, 25]
Initial: 446 -> [1, 1, 2, 2, 2, 4, 4, 7, 13, 26, 26]
Initial: 447 -> [1, 1, 2, 2, 2, 4, 6, 11, 16, 29, 38]
Initial: 448 -> [1, 1, 2, 2, 2, 4, 4, 7, 14, 28, 29]
Initial: 449 -> [1, 1, 2, 2, 2, 4, 4, 7, 13, 24, 26]
Initial: 450 -> [1, 1, 2, 2, 2, 4, 4, 6, 10, 18, 21]
Initial: 451 -> [1, 1, 2, 2, 2, 4, 4, 6, 11, 22, 23]
Initial: 452 -> [1, 1, 2, 2, 2, 4, 4, 6, 12, 23, 24]
Initial: 453 -> [1, 1, 2, 2, 2, 4, 4, 7, 14, 28, 28]
Initial: 454 -> [1, 1, 2, 2, 2, 4, 4, 7, 13, 24, 26]
Initial: 455 -> [1, 1, 2, 2, 2, 4, 4, 6, 10, 16, 18]
Initial: 456 -> [1, 1, 2, 2, 2, 4, 4, 7, 13, 26, 26]
Initial: 457 -> [1, 1, 2, 2, 2, 4, 4, 7, 14, 28, 28]
Initial: 458 -> [1, 1, 2, 2, 2, 4, 5, 10, 16, 31, 38]
Initial: 459 -> [1, 1, 2, 3, 3, 5, 8, 12, 23, 37, 43]
Initial: 460 -> [1, 1, 2, 3, 3, 5, 8, 12, 16, 31, 46]
Initial: 461 -> [1, 1, 2, 3, 3, 5, 9, 13, 19, 28, 45]
Initial: 462 -> [1, 1, 2, 3, 3, 4, 6, 11, 20, 26, 34]
Initial: 463 -> [1, 1, 2, 2, 3, 4, 5, 7, 12, 20, 25]
Initial: 464 -> [1, 1, 2, 2, 3, 4, 6, 7, 11, 21, 21]
Initial: 465 -> [1, 1, 2, 2, 3, 4, 5, 7, 10, 19, 24]
Initial: 466 -> [1, 1, 2, 2, 3, 4, 6, 7, 10, 20, 20]
Initial: 467 -> [1, 1, 2, 2, 3, 4, 5, 8, 12, 22, 26]
Initial: 468 -> [1, 1, 2, 2, 3, 4, 5, 7, 11, 19, 23]
Initial: 469 -> [1, 1, 2, 2, 3, 4, 5, 7, 12, 19, 23]
Initial: 470 -> [1, 1, 2, 2, 3, 4, 4, 8, 11, 20, 28]
Initial: 471 -> [1, 1, 2, 2, 3, 4, 5, 8, 13, 22, 26]
Initial: 472 -> [1, 1, 2, 2, 3, 4, 4, 8, 12, 24, 32]
Initial: 473 -> [1, 1, 2, 2, 3, 4, 5, 8, 12, 22, 26]
Initial: 474 -> [1, 1, 2, 2, 3, 5, 5, 10, 18, 27, 32]
Initial: 475 -> [1, 1, 2, 2, 3, 4, 5, 10, 11, 18, 32]
Initial: 476 -> [1, 1, 2, 2, 3, 4, 6, 10, 14, 19, 29]
Initial: 477 -> [1, 1, 2, 2, 3, 4, 4, 7, 9, 15, 24]
Initial: 478 -> [1, 1, 2, 2, 3, 4, 5, 7, 10, 20, 24]
Initial: 479 -> [1, 1, 2, 2, 2, 4, 5, 9, 14, 25, 30]
Initial: 480 -> [1, 1, 2, 2, 2, 4, 4, 7, 14, 28, 28]
Initial: 481 -> [1, 1, 2, 2, 2, 4, 4, 7, 14, 28, 29]
Initial: 482 -> [1, 1, 2, 2, 2, 4, 4, 6, 11, 19, 20]
Initial: 483 -> [1, 1, 2, 2, 2, 4, 4, 6, 12, 22, 23]
Initial: 484 -> [1, 1, 2, 2, 2, 4, 4, 7, 14, 27, 29]
Initial: 485 -> [1, 1, 2, 2, 2, 4, 5, 10, 16, 27, 32]
Initial: 486 -> [1, 1, 2, 2, 2, 4, 4, 8, 16, 31, 31]
Initial: 487 -> [1, 1, 2, 2, 2, 4, 4, 8, 15, 29, 30]
Initial: 488 -> [1, 1, 2, 2, 2, 4, 4, 7, 14, 26, 27]
Initial: 489 -> [1, 1, 2, 2, 2, 4, 4, 7, 14, 25, 26]
Initial: 490 -> [1, 1, 2, 2, 2, 4, 5, 9, 14, 24, 30]
Initial: 491 -> [1, 1, 2, 2, 2, 4, 4, 7, 14, 26, 26]
Initial: 492 -> [1, 1, 2, 2, 2, 4, 4, 7, 14, 27, 27]
Initial: 493 -> [1, 1, 2, 2, 2, 4, 4, 6, 12, 23, 23]
Initial: 494 -> [1, 1, 2, 2, 2, 4, 4, 6, 11, 22, 22]
Initial: 495 -> [1, 1, 1, 2, 3, 6, 8, 13, 20, 30, 49]
Initial: 496 -> [1, 1, 1, 2, 3, 6, 8, 13, 18, 28, 55]
Initial: 497 -> [1, 1, 1, 2, 2, 3, 6, 12, 12, 17, 32]
Initial: 498 -> [1, 1, 1, 2, 2, 3, 6, 10, 11, 18, 34]
Initial: 499 -> [1, 1, 1, 2, 2, 3, 6, 12, 12, 20, 34]
Initial: 500 -> [1, 1, 1, 2, 2, 3, 6, 12, 12, 16, 30]
Initial: 501 -> [1, 1, 1, 2, 2, 3, 6, 11, 12, 20, 36]
Initial: 502 -> [1, 1, 1, 2, 2, 3, 6, 12, 12, 20, 35]
Initial: 503 -> [1, 1, 1, 2, 2, 3, 6, 12, 12, 19, 33]
Initial: 504 -> [1, 1, 1, 2, 2, 3, 6, 11, 12, 19, 28]
Initial: 505 -> [1, 1, 1, 2, 2, 3, 5, 10, 10, 15, 24]
Initial: 506 -> [1, 1, 1, 2, 2, 3, 6, 12, 12, 19, 34]
Initial: 507 -> [1, 1, 1, 2, 2, 3, 6, 11, 12, 20, 30]
Initial: 508 -> [1, 1, 1, 2, 2, 3, 6, 12, 12, 22, 36]
Initial: 509 -> [1, 1, 1, 2, 2, 3, 6, 12, 12, 21, 38]
Initial: 510 -> [1, 1, 1, 2, 2, 3, 6, 11, 11, 18, 32]
Initial: 511 -> [1, 1, 1, 2, 2, 3, 6, 12, 12, 20, 34]
Initial: 512 -> [1, 1, 1, 2, 2, 4, 8, 16, 16, 23, 46]
Initial: 513 -> [1, 1, 1, 2, 2, 4, 8, 15, 16, 25, 46]
Initial: 514 -> [1, 1, 1, 2, 2, 4, 8, 15, 15, 24, 48]
Initial: 515 -> [1, 1, 1, 2, 2, 4, 7, 14, 14, 19, 38]
Initial: 516 -> [1, 1, 1, 2, 2, 4, 8, 16, 16, 26, 52]
Initial: 517 -> [1, 1, 1, 2, 2, 4, 8, 15, 15, 20, 40]
Initial: 518 -> [1, 1, 1, 2, 2, 4, 8, 16, 16, 24, 48]
Initial: 519 -> [1, 1, 1, 2, 2, 4, 8, 15, 16, 26, 48]
Initial: 520 -> [1, 1, 1, 2, 2, 4, 8, 16, 16, 24, 48]
Initial: 521 -> [1, 1, 1, 2, 2, 4, 8, 15, 16, 27, 50]
Initial: 522 -> [1, 1, 1, 2, 2, 4, 8, 16, 16, 26, 52]
Initial: 523 -> [1, 1, 1, 2, 3, 6, 8, 13, 19, 29, 51]
Initial: 524 -> [1, 1, 1, 2, 3, 6, 8, 14, 20, 30, 53]
Initial: 525 -> [1, 1, 1, 2, 3, 5, 6, 12, 19, 23, 37]
Initial: 526 -> [1, 1, 1, 2, 2, 3, 6, 12, 12, 21, 37]
Initial: 527 -> [1, 1, 1, 2, 2, 3, 6, 11, 12, 22, 40]
Initial: 528 -> [1, 1, 1, 2, 2, 3, 6, 12, 12, 17, 29]
Initial: 529 -> [1, 1, 1, 2, 2, 3, 6, 10, 10, 16, 28]
Initial: 530 -> [1, 1, 1, 2, 2, 3, 6, 12, 14, 21, 36]
Initial: 531 -> [1, 1, 1, 2, 2, 3, 6, 11, 13, 21, 31]
Initial: 532 -> [1, 1, 1, 2, 2, 3, 6, 12, 12, 19, 34]
Initial: 533 -> [1, 1, 1, 2, 2, 3, 6, 12, 12, 19, 34]
Initial: 534 -> [1, 1, 1, 2, 2, 3, 6, 11, 11, 19, 31]
Initial: 535 -> [1, 1, 1, 2, 2, 3, 6, 12, 12, 19, 32]
Initial: 536 -> [1, 1, 1, 2, 2, 3, 5, 9, 10, 16, 27]
Initial: 537 -> [1, 1, 1, 2, 2, 3, 6, 12, 12, 20, 36]
Initial: 538 -> [1, 1, 1, 2, 2, 3, 6, 12, 12, 18, 30]
Initial: 539 -> [1, 1, 1, 2, 2, 3, 6, 12, 12, 18, 30]
Initial: 540 -> [1, 1, 1, 2, 2, 3, 6, 11, 14, 21, 32]
Initial: 541 -> [1, 1, 1, 2, 2, 4, 8, 16, 16, 21, 42]
Initial: 542 -> [1, 1, 1, 2, 2, 4, 8, 15, 15, 23, 46]
Initial: 543 -> [1, 1, 1, 2, 2, 4, 8, 15, 16, 26, 48]
Initial: 544 -> [1, 1, 1, 2, 2, 4, 8, 16, 16, 22, 44]
Initial: 545 -> [1, 1, 1, 2, 2, 4, 8, 16, 16, 21, 42]
Initial: 546 -> [1, 1, 1, 2, 2, 4, 7, 12, 14, 21, 38]
Initial: 547 -> [1, 1, 1, 2, 2, 4, 8, 16, 16, 23, 46]
Initial: 548 -> [1, 1, 1, 2, 2, 4, 8, 16, 16, 22, 44]
Initial: 549 -> [1, 1, 1, 2, 2, 4, 8, 16, 16, 22, 44]
Initial: 550 -> [1, 1, 1, 2, 2, 4, 8, 14, 14, 24, 48]
Initial: 551 -> [1, 1, 1, 2, 2, 4, 8, 15, 15, 22, 44]
Initial: 552 -> [1, 1, 1, 2, 3, 6, 8, 13, 18, 27, 52]
Initial: 553 -> [1, 1, 1, 2, 3, 6, 8, 13, 18, 26, 49]
Initial: 554 -> [1, 1, 1, 2, 3, 5, 8, 16, 20, 23, 42]
Initial: 555 -> [1, 1, 1, 2, 2, 3, 6, 11, 12, 18, 28]
Initial: 556 -> [1, 1, 1, 2, 2, 3, 6, 10, 11, 19, 34]
Initial: 557 -> [1, 1, 1, 2, 2, 3, 6, 11, 11, 19, 31]
Initial: 558 -> [1, 1, 1, 2, 2, 3, 6, 12, 12, 18, 32]
Initial: 559 -> [1, 1, 1, 2, 2, 3, 6, 12, 12, 17, 30]
Initial: 560 -> [1, 1, 1, 2, 2, 3, 5, 9, 10, 16, 25]
Initial: 561 -> [1, 1, 1, 2, 2, 3, 6, 12, 12, 20, 35]
Initial: 562 -> [1, 1, 1, 2, 2, 3, 6, 12, 12, 17, 28]
Initial: 563 -> [1, 1, 1, 2, 2, 3, 6, 12, 12, 18, 30]
Initial: 564 -> [1, 1, 1, 2, 2, 3, 6, 12, 12, 17, 30]
Initial: 565 -> [1, 1, 1, 2, 2, 3, 6, 12, 13, 18, 30]
Initial: 566 -> [1, 1, 1, 2, 2, 3, 6, 12, 13, 20, 34]
Initial: 567 -> [1, 1, 1, 2, 2, 3, 6, 11, 13, 20, 33]
Initial: 568 -> [1, 1, 1, 2, 2, 3, 6, 11, 11, 18, 34]
Initial: 569 -> [1, 1, 1, 2, 2, 3, 6, 12, 12, 18, 33]
Initial: 570 -> [1, 1, 1, 2, 2, 4, 7, 14, 14, 16, 32]
Initial: 571 -> [1, 1, 1, 2, 2, 4, 8, 15, 16, 24, 44]
Initial: 572 -> [1, 1, 1, 2, 2, 4, 8, 16, 16, 24, 48]
Initial: 573 -> [1, 1, 1, 2, 2, 4, 8, 15, 15, 21, 42]
Initial: 574 -> [1, 1, 1, 2, 2, 4, 8, 15, 15, 20, 40]
Initial: 575 -> [1, 1, 1, 2, 2, 4, 8, 15, 15, 22, 44]
Initial: 576 -> [1, 1, 1, 2, 2, 4, 8, 15, 16, 24, 44]
Initial: 577 -> [1, 1, 1, 2, 2, 4, 8, 16, 16, 24, 48]
Initial: 578 -> [1, 1, 1, 2, 2, 4, 8, 16, 16, 26, 52]
Initial: 579 -> [1, 1, 1, 2, 2, 4, 8, 15, 15, 21, 42]
Initial: 580 -> [1, 1, 1, 2, 2, 4, 7, 13, 13, 19, 36]
Initial: 581 -> [1, 1, 1, 2, 2, 4, 8, 16, 16, 26, 52]
Initial: 582 -> [1, 1, 1, 2, 3, 6, 8, 14, 21, 27, 47]
Initial: 583 -> [1, 1, 1, 2, 3, 5, 7, 13, 18, 28, 45]
Initial: 584 -> [1, 1, 1, 2, 2, 4, 6, 11, 12, 19, 34]
Initial: 585 -> [1, 1, 1, 2, 2, 3, 6, 12, 14, 20, 32]
Initial: 586 -> [1, 1, 1, 2, 2, 3, 6, 12, 12, 18, 30]
Initial: 587 -> [1, 1, 1, 2, 2, 3, 6, 11, 12, 18, 28]
Initial: 588 -> [1, 1, 1, 2, 2, 3, 6, 12, 12, 17, 28]
Initial: 589 -> [1, 1, 1, 2, 2, 3, 6, 12, 14, 19, 31]
Initial: 590 -> [1, 1, 1, 2, 2, 3, 6, 12, 13, 16, 28]
Initial: 591 -> [1, 1, 1, 2, 2, 3, 6, 11, 12, 17, 32]
Initial: 592 -> [1, 1, 1, 2, 2, 3, 6, 11, 12, 20, 33]
Initial: 593 -> [1, 1, 1, 2, 2, 3, 6, 11, 11, 16, 29]
Initial: 594 -> [1, 1, 1, 2, 2, 3, 6, 12, 12, 17, 32]
Initial: 595 -> [1, 1, 1, 2, 2, 3, 6, 12, 12, 18, 32]
Initial: 596 -> [1, 1, 1, 2, 2, 3, 6, 12, 12, 16, 30]
Initial: 597 -> [1, 1, 1, 2, 2, 3, 6, 12, 12, 18, 32]
Initial: 598 -> [1, 1, 1, 2, 2, 3, 6, 12, 13, 18, 31]
Initial: 599 -> [1, 1, 1, 2, 2, 4, 8, 16, 16, 23, 46]
Initial: 600 -> [1, 1, 1, 2, 2, 4, 8, 15, 15, 22, 44]
Initial: 601 -> [1, 1, 1, 2, 2, 4, 7, 13, 14, 21, 41]
Initial: 602 -> [1, 1, 1, 2, 2, 4, 8, 16, 16, 24, 48]
Initial: 603 -> [1, 1, 1, 2, 2, 4, 8, 16, 16, 21, 42]
Initial: 604 -> [1, 1, 1, 2, 2, 4, 8, 15, 15, 20, 40]
Initial: 605 -> [1, 1, 1, 2, 2, 4, 8, 16, 16, 22, 44]
Initial: 606 -> [1, 1, 1, 2, 2, 4, 8, 15, 15, 23, 46]
Initial: 607 -> [1, 1, 1, 2, 2, 4, 8, 16, 16, 23, 46]
Initial: 608 -> [1, 1, 1, 2, 2, 4, 8, 16, 16, 22, 44]
Initial: 609 -> [1, 1, 1, 2, 2, 4, 8, 16, 16, 23, 46]
Initial: 610 -> [1, 1, 1, 2, 2, 4, 8, 16, 16, 21, 42]
Initial: 611 -> [1, 1, 1, 2, 3, 6, 7, 10, 16, 22, 41]
Initial: 612 -> [1, 1, 1, 2, 3, 6, 8, 14, 22, 28, 45]
Initial: 613 -> [1, 1, 1, 2, 3, 6, 8, 13, 18, 25, 43]
Initial: 614 -> [1, 1, 1, 2, 2, 3, 6, 12, 13, 16, 26]
Initial: 615 -> [1, 1, 1, 2, 2, 3, 5, 9, 11, 14, 21]
Initial: 616 -> [1, 1, 1, 2, 2, 3, 6, 11, 13, 18, 33]
Initial: 617 -> [1, 1, 1, 2, 2, 3, 6, 11, 11, 15, 28]
Initial: 618 -> [1, 1, 1, 2, 2, 3, 6, 12, 12, 18, 33]
Initial: 619 -> [1, 1, 1, 2, 2, 3, 6, 12, 12, 18, 32]
Initial: 620 -> [1, 1, 1, 2, 2, 3, 6, 12, 12, 17, 30]
Initial: 621 -> [1, 1, 1, 2, 2, 3, 6, 12, 12, 17, 30]
Initial: 622 -> [1, 1, 1, 2, 2, 3, 6, 12, 12, 16, 30]
Initial: 623 -> [1, 1, 1, 2, 2, 3, 6, 11, 12, 18, 28]
Initial: 624 -> [1, 1, 1, 2, 2, 3, 6, 12, 12, 18, 30]
Initial: 625 -> [1, 1, 1, 2, 2, 3, 5, 10, 10, 14, 24]
Initial: 626 -> [1, 1, 1, 2, 2, 3, 6, 12, 12, 16, 30]
Initial: 627 -> [1, 1, 1, 2, 2, 3, 6, 12, 12, 17, 30]
Initial: 628 -> [1, 1, 1, 2, 2, 3, 6, 11, 11, 18, 32]
Initial: 629 -> [1, 1, 1, 2, 2, 4, 8, 15, 15, 23, 46]
Initial: 630 -> [1, 1, 1, 2, 2, 4, 8, 16, 16, 23, 46]
Initial: 631 -> [1, 1, 1, 2, 2, 4, 8, 16, 16, 22, 44]
Initial: 632 -> [1, 1, 1, 2, 2, 4, 8, 16, 16, 22, 44]
Initial: 633 -> [1, 1, 1, 2, 2, 4, 8, 16, 16, 23, 46]
Initial: 634 -> [1, 1, 1, 2, 2, 4, 8, 15, 15, 21, 42]
Initial: 635 -> [1, 1, 1, 2, 2, 4, 7, 14, 14, 21, 40]
Initial: 636 -> [1, 1, 1, 2, 2, 4, 8, 16, 16, 23, 46]
Initial: 637 -> [1, 1, 1, 2, 2, 4, 8, 16, 16, 21, 42]
Initial: 638 -> [1, 1, 1, 2, 2, 4, 8, 16, 16, 25, 50]
Initial: 639 -> [1, 1, 1, 2, 2, 4, 8, 16, 16, 25, 50]
Initial: 640 -> [1, 1, 1, 2, 3, 6, 8, 12, 17, 28, 47]
Initial: 641 -> [1, 1, 1, 2, 3, 6, 8, 14, 20, 29, 55]
Initial: 642 -> [1, 1, 1, 2, 3, 6, 8, 13, 19, 29, 55]
Initial: 643 -> [1, 1, 1, 2, 2, 3, 6, 12, 12, 18, 34]
Initial: 644 -> [1, 1, 1, 2, 2, 3, 6, 12, 12, 19, 34]
Initial: 645 -> [1, 1, 1, 2, 2, 3, 6, 12, 12, 17, 32]
Initial: 646 -> [1, 1, 1, 2, 2, 3, 6, 12, 12, 19, 34]
Initial: 647 -> [1, 1, 1, 2, 2, 3, 6, 12, 13, 18, 31]
Initial: 648 -> [1, 1, 1, 2, 2, 3, 6, 12, 12, 15, 28]
Initial: 649 -> [1, 1, 1, 2, 2, 3, 6, 10, 11, 17, 28]
Initial: 650 -> [1, 1, 1, 2, 2, 3, 6, 12, 12, 18, 31]
Initial: 651 -> [1, 1, 1, 2, 2, 3, 6, 12, 12, 17, 30]
Initial: 652 -> [1, 1, 1, 2, 2, 3, 6, 11, 11, 15, 28]
Initial: 653 -> [1, 1, 1, 2, 2, 3, 6, 11, 11, 18, 32]
Initial: 654 -> [1, 1, 1, 2, 2, 3, 6, 12, 12, 18, 34]
Initial: 655 -> [1, 1, 1, 2, 2, 3, 6, 12, 12, 16, 28]
Initial: 656 -> [1, 1, 1, 2, 2, 3, 5, 9, 11, 15, 24]
Initial: 657 -> [1, 1, 1, 2, 2, 3, 6, 12, 12, 17, 32]
Initial: 658 -> [1, 1, 1, 2, 2, 4, 8, 16, 16, 23, 46]
Initial: 659 -> [1, 1, 1, 2, 2, 4, 8, 15, 16, 24, 44]
Initial: 660 -> [1, 1, 1, 2, 2, 4, 8, 16, 16, 23, 46]
Initial: 661 -> [1, 1, 1, 2, 2, 4, 8, 16, 16, 22, 44]
Initial: 662 -> [1, 1, 1, 2, 2, 4, 8, 16, 16, 21, 42]
Initial: 663 -> [1, 1, 1, 2, 2, 4, 8, 16, 16, 24, 48]
Initial: 664 -> [1, 1, 1, 2, 2, 4, 8, 15, 15, 23, 46]
Initial: 665 -> [1, 1, 1, 2, 2, 4, 8, 15, 15, 21, 42]
Initial: 666 -> [1, 1, 1, 2, 2, 4, 7, 13, 14, 19, 37]
Initial: 667 -> [1, 1, 1, 2, 2, 4, 8, 15, 15, 21, 42]
Initial: 668 -> [1, 1, 1, 2, 2, 4, 8, 16, 16, 23, 46]
Initial: 669 -> [1, 1, 1, 2, 3, 6, 8, 15, 22, 27, 43]
Initial: 670 -> [1, 1, 1, 2, 3, 6, 8, 13, 18, 26, 46]
Initial: 671 -> [1, 1, 1, 2, 3, 6, 8, 14, 20, 27, 48]
Initial: 672 -> [1, 1, 1, 2, 2, 3, 6, 12, 12, 16, 28]
Initial: 673 -> [1, 1, 1, 2, 2, 3, 6, 12, 12, 15, 24]
Initial: 674 -> [1, 1, 1, 2, 2, 3, 6, 12, 13, 16, 31]
Initial: 675 -> [1, 1, 1, 2, 2, 3, 6, 12, 12, 15, 28]
Initial: 676 -> [1, 1, 1, 2, 2, 3, 6, 10, 11, 16, 24]
Initial: 677 -> [1, 1, 1, 2, 2, 3, 6, 12, 12, 18, 33]
Initial: 678 -> [1, 1, 1, 2, 2, 3, 6, 12, 12, 17, 31]
Initial: 679 -> [1, 1, 1, 2, 2, 3, 6, 12, 12, 15, 26]
Initial: 680 -> [1, 1, 1, 2, 2, 3, 5, 9, 10, 12, 23]
Initial: 681 -> [1, 1, 1, 2, 2, 3, 6, 12, 12, 17, 30]
Initial: 682 -> [1, 1, 1, 2, 2, 3, 6, 12, 12, 18, 30]
Initial: 683 -> [1, 1, 1, 2, 2, 3, 6, 12, 12, 15, 29]
Initial: 684 -> [1, 1, 1, 2, 2, 3, 6, 12, 12, 16, 30]
Initial: 685 -> [1, 1, 1, 2, 2, 3, 6, 12, 12, 16, 28]
Initial: 686 -> [1, 1, 1, 2, 2, 3, 6, 12, 12, 17, 30]
Initial: 687 -> [1, 1, 1, 2, 2, 4, 8, 16, 16, 20, 40]
Initial: 688 -> [1, 1, 1, 2, 2, 4, 8, 15, 16, 24, 44]
Initial: 689 -> [1, 1, 1, 2, 2, 4, 8, 15, 15, 21, 42]
Initial: 690 -> [1, 1, 1, 2, 2, 4, 7, 14, 14, 17, 32]
Initial: 691 -> [1, 1, 1, 2, 2, 4, 8, 16, 16, 22, 44]
Initial: 692 -> [1, 1, 1, 2, 2, 4, 8, 15, 15, 22, 44]
Initial: 693 -> [1, 1, 1, 2, 2, 4, 8, 16, 16, 22, 44]
Initial: 694 -> [1, 1, 1, 2, 2, 4, 8, 15, 15, 21, 42]
Initial: 695 -> [1, 1, 1, 2, 2, 4, 8, 15, 16, 24, 44]
Initial: 696 -> [1, 1, 1, 2, 2, 4, 8, 15, 16, 22, 40]
Initial: 697 -> [1, 1, 1, 2, 2, 4, 8, 16, 16, 23, 46]
Initial: 698 -> [1, 1, 1, 2, 2, 4, 8, 16, 16, 23, 46]
Initial: 699 -> [1, 1, 1, 2, 3, 6, 8, 14, 20, 26, 46]
Initial: 700 -> [1, 1, 1, 2, 3, 5, 6, 11, 18, 22, 31]
Initial: 701 -> [1, 1, 1, 2, 2, 3, 6, 12, 12, 18, 34]
Initial: 702 -> [1, 1, 1, 2, 2, 3, 6, 12, 12, 17, 30]
Initial: 703 -> [1, 1, 1, 2, 2, 3, 6, 12, 12, 16, 30]
Initial: 704 -> [1, 1, 1, 2, 2, 3, 5, 10, 10, 15, 22]
Initial: 705 -> [1, 1, 1, 2, 2, 3, 6, 12, 13, 19, 32]
Initial: 706 -> [1, 1, 1, 2, 2, 3, 6, 11, 12, 17, 28]
Initial: 707 -> [1, 1, 1, 2, 2, 3, 6, 12, 12, 14, 26]
Initial: 708 -> [1, 1, 1, 2, 2, 3, 6, 12, 12, 17, 28]
Initial: 709 -> [1, 1, 1, 2, 2, 3, 6, 12, 12, 14, 24]
Initial: 710 -> [1, 1, 1, 2, 2, 3, 6, 12, 12, 14, 26]
Initial: 711 -> [1, 1, 1, 2, 2, 3, 6, 12, 12, 18, 30]
Initial: 712 -> [1, 1, 1, 2, 2, 3, 6, 10, 11, 17, 27]
Initial: 713 -> [1, 1, 1, 2, 2, 3, 6, 12, 12, 18, 31]
Initial: 714 -> [1, 1, 1, 2, 2, 3, 6, 12, 13, 17, 27]
Initial: 715 -> [1, 1, 1, 2, 2, 3, 6, 12, 12, 16, 29]
Initial: 716 -> [1, 1, 1, 2, 2, 4, 8, 16, 16, 21, 42]
Initial: 717 -> [1, 1, 1, 2, 2, 4, 8, 14, 14, 21, 42]
Initial: 718 -> [1, 1, 1, 2, 2, 4, 8, 16, 16, 26, 52]
Initial: 719 -> [1, 1, 1, 2, 2, 4, 8, 16, 16, 21, 42]
Initial: 720 -> [1, 1, 1, 2, 2, 4, 8, 16, 16, 19, 38]
Initial: 721 -> [1, 1, 1, 2, 2, 4, 7, 12, 14, 21, 38]
Initial: 722 -> [1, 1, 1, 2, 2, 4, 8, 16, 16, 22, 44]
Initial: 723 -> [1, 1, 1, 2, 2, 4, 8, 16, 16, 23, 46]
Initial: 724 -> [1, 1, 1, 2, 2, 4, 8, 15, 16, 22, 40]
Initial: 725 -> [1, 1, 1, 2, 2, 4, 8, 14, 14, 23, 46]
Initial: 726 -> [1, 1, 1, 2, 2, 4, 8, 16, 16, 23, 46]
Initial: 727 -> [1, 1, 1, 2, 2, 4, 8, 16, 16, 21, 42]
Initial: 728 -> [1, 1, 1, 2, 3, 6, 8, 14, 20, 27, 48]
Initial: 729 -> [1, 1, 1, 2, 3, 5, 8, 15, 18, 24, 45]
Initial: 730 -> [1, 1, 1, 2, 2, 4, 6, 10, 12, 14, 27]
Initial: 731 -> [1, 1, 1, 2, 2, 3, 6, 12, 12, 15, 24]
Initial: 732 -> [1, 1, 1, 2, 2, 3, 6, 12, 13, 16, 30]
Initial: 733 -> [1, 1, 1, 2, 2, 3, 6, 12, 12, 15, 28]
Initial: 734 -> [1, 1, 1, 2, 2, 3, 6, 12, 12, 16, 29]
Initial: 735 -> [1, 1, 1, 2, 2, 3, 5, 9, 10, 14, 21]
Initial: 736 -> [1, 1, 1, 2, 2, 3, 6, 10, 11, 19, 28]
Initial: 737 -> [1, 1, 1, 2, 2, 3, 6, 12, 12, 18, 30]
Initial: 738 -> [1, 1, 1, 2, 2, 3, 6, 12, 12, 16, 28]
Initial: 739 -> [1, 1, 1, 2, 2, 3, 6, 12, 12, 19, 32]
Initial: 740 -> [1, 1, 1, 2, 2, 3, 6, 12, 12, 19, 30]
Initial: 741 -> [1, 1, 1, 2, 2, 3, 6, 12, 13, 19, 33]
Initial: 742 -> [1, 1, 1, 2, 2, 3, 6, 11, 12, 19, 30]
Initial: 743 -> [1, 1, 1, 2, 2, 3, 6, 12, 12, 18, 30]
Initial: 744 -> [1, 1, 1, 2, 2, 3, 6, 12, 12, 19, 30]
Initial: 745 -> [1, 1, 1, 2, 2, 4, 7, 14, 14, 17, 34]
Initial: 746 -> [1, 1, 1, 2, 2, 4, 8, 15, 16, 24, 44]
Initial: 747 -> [1, 1, 1, 2, 2, 4, 8, 16, 16, 22, 44]
Initial: 748 -> [1, 1, 1, 2, 2, 4, 8, 14, 15, 23, 42]
Initial: 749 -> [1, 1, 1, 2, 2, 4, 8, 16, 16, 23, 46]
Initial: 750 -> [1, 1, 1, 2, 2, 4, 8, 15, 15, 20, 40]
Initial: 751 -> [1, 1, 1, 2, 2, 4, 8, 16, 16, 22, 44]
Initial: 752 -> [1, 1, 1, 2, 2, 4, 8, 16, 16, 23, 46]
Initial: 753 -> [1, 1, 1, 2, 2, 4, 8, 16, 16, 26, 52]
Initial: 754 -> [1, 1, 1, 2, 2, 4, 8, 15, 16, 25, 46]
Initial: 755 -> [1, 1, 1, 2, 2, 4, 7, 14, 14, 21, 40]
Initial: 756 -> [1, 1, 1, 2, 2, 4, 8, 16, 16, 24, 48]
Initial: 757 -> [1, 1, 1, 2, 3, 6, 8, 14, 20, 27, 44]
Initial: 758 -> [1, 1, 1, 2, 3, 5, 7, 13, 18, 27, 43]
Initial: 759 -> [1, 1, 1, 2, 3, 6, 8, 15, 22, 30, 53]
Initial: 760 -> [1, 1, 1, 2, 2, 3, 6, 11, 12, 21, 32]
Initial: 761 -> [1, 1, 1, 2, 2, 3, 6, 11, 11, 16, 28]
Initial: 762 -> [1, 1, 1, 2, 2, 3, 6, 12, 12, 18, 30]
Initial: 763 -> [1, 1, 1, 2, 2, 3, 6, 12, 13, 22, 36]
Initial: 764 -> [1, 1, 1, 2, 2, 3, 6, 12, 12, 19, 34]
Initial: 765 -> [1, 1, 1, 2, 2, 3, 6, 12, 12, 20, 36]
Initial: 766 -> [1, 1, 1, 2, 2, 3, 6, 12, 12, 19, 31]
Initial: 767 -> [1, 1, 1, 2, 2, 3, 6, 12, 12, 17, 29]
Initial: 768 -> [1, 1, 1, 2, 2, 3, 6, 12, 12, 16, 28]
Initial: 769 -> [1, 1, 1, 2, 2, 3, 6, 10, 11, 18, 26]
Initial: 770 -> [1, 1, 1, 2, 2, 3, 6, 12, 12, 19, 34]
Initial: 771 -> [1, 1, 1, 2, 2, 3, 6, 12, 12, 18, 30]
Initial: 772 -> [1, 1, 1, 2, 2, 3, 6, 10, 11, 17, 27]
Initial: 773 -> [1, 1, 1, 2, 2, 3, 6, 11, 11, 18, 30]
Initial: 774 -> [1, 1, 1, 2, 2, 3, 6, 12, 12, 17, 30]
Initial: 775 -> [1, 1, 1, 2, 2, 4, 8, 15, 15, 22, 44]
Initial: 776 -> [1, 1, 1, 2, 2, 4, 7, 13, 14, 21, 41]
Initial: 777 -> [1, 1, 1, 2, 2, 4, 8, 15, 15, 24, 48]
Initial: 778 -> [1, 1, 1, 2, 2, 4, 8, 15, 16, 24, 44]
Initial: 779 -> [1, 1, 1, 2, 2, 4, 8, 16, 16, 19, 38]
Initial: 780 -> [1, 1, 1, 2, 2, 4, 8, 16, 16, 22, 44]
Initial: 781 -> [1, 1, 1, 2, 2, 4, 8, 16, 16, 23, 46]
Initial: 782 -> [1, 1, 1, 2, 2, 4, 8, 16, 16, 23, 46]
Initial: 783 -> [1, 1, 1, 2, 2, 4, 8, 16, 16, 26, 52]
Initial: 784 -> [1, 1, 1, 2, 2, 4, 8, 14, 14, 22, 44]
Initial: 785 -> [1, 1, 1, 2, 2, 4, 8, 15, 15, 22, 44]
Initial: 786 -> [1, 1, 1, 2, 3, 6, 7, 10, 16, 23, 42]
Initial: 787 -> [1, 1, 1, 2, 3, 6, 8, 15, 22, 26, 46]
Initial: 788 -> [1, 1, 1, 2, 3, 6, 8, 13, 18, 28, 52]
Initial: 789 -> [1, 1, 1, 2, 2, 3, 6, 11, 12, 20, 28]
Initial: 790 -> [1, 1, 1, 2, 2, 3, 5, 9, 11, 13, 21]
Initial: 791 -> [1, 1, 1, 2, 2, 3, 6, 12, 12, 16, 28]
Initial: 792 -> [1, 1, 1, 2, 2, 3, 6, 12, 12, 15, 24]
Initial: 793 -> [1, 1, 1, 2, 2, 3, 6, 12, 12, 17, 28]
Initial: 794 -> [1, 1, 1, 2, 2, 3, 6, 12, 12, 19, 32]
Initial: 795 -> [1, 1, 1, 2, 2, 3, 6, 11, 11, 16, 26]
Initial: 796 -> [1, 1, 1, 2, 2, 3, 6, 12, 12, 15, 26]
Initial: 797 -> [1, 1, 1, 2, 2, 3, 6, 11, 11, 16, 26]
Initial: 798 -> [1, 1, 1, 2, 2, 3, 6, 12, 12, 18, 28]
Initial: 799 -> [1, 1, 1, 2, 2, 3, 6, 12, 14, 19, 34]
Initial: 800 -> [1, 1, 1, 2, 2, 3, 5, 9, 11, 14, 24]
Initial: 801 -> [1, 1, 1, 2, 2, 3, 6, 12, 13, 20, 35]
Initial: 802 -> [1, 1, 1, 2, 2, 3, 6, 12, 13, 18, 29]
Initial: 803 -> [1, 1, 1, 2, 2, 3, 6, 12, 12, 15, 27]
Initial: 804 -> [1, 1, 1, 2, 2, 4, 8, 16, 16, 22, 44]
Initial: 805 -> [1, 1, 1, 2, 2, 4, 8, 16, 16, 22, 44]
Initial: 806 -> [1, 1, 1, 2, 2, 4, 8, 16, 16, 25, 50]
Initial: 807 -> [1, 1, 1, 2, 2, 4, 8, 16, 16, 22, 44]
Initial: 808 -> [1, 1, 1, 2, 2, 4, 8, 15, 15, 20, 40]
Initial: 809 -> [1, 1, 1, 2, 2, 4, 8, 15, 15, 19, 38]
Initial: 810 -> [1, 1, 1, 2, 2, 4, 7, 14, 14, 18, 36]
Initial: 811 -> [1, 1, 1, 2, 2, 4, 8, 16, 16, 25, 50]
Initial: 812 -> [1, 1, 1, 2, 2, 4, 8, 16, 16, 21, 42]
Initial: 813 -> [1, 1, 1, 2, 2, 4, 8, 16, 16, 23, 46]
Initial: 814 -> [1, 1, 1, 2, 2, 4, 8, 14, 16, 25, 42]
Initial: 815 -> [1, 1, 1, 2, 3, 6, 8, 14, 20, 25, 38]
Initial: 816 -> [1, 1, 1, 2, 3, 6, 8, 13, 18, 26, 47]
Initial: 817 -> [1, 1, 1, 2, 3, 6, 8, 14, 20, 27, 50]
Initial: 818 -> [1, 1, 1, 2, 2, 3, 6, 12, 12, 19, 32]
Initial: 819 -> [1, 1, 1, 2, 2, 3, 6, 11, 11, 15, 26]
Initial: 820 -> [1, 1, 1, 2, 2, 3, 6, 12, 12, 17, 29]
Initial: 821 -> [1, 1, 1, 2, 2, 3, 6, 11, 12, 18, 29]
Initial: 822 -> [1, 1, 1, 2, 2, 3, 6, 12, 12, 18, 32]
Initial: 823 -> [1, 1, 1, 2, 2, 3, 6, 12, 12, 18, 33]
Initial: 824 -> [1, 1, 1, 2, 2, 3, 5, 10, 11, 17, 24]
Initial: 825 -> [1, 1, 1, 2, 2, 3, 6, 11, 13, 20, 31]
Initial: 826 -> [1, 1, 1, 2, 2, 3, 6, 12, 13, 15, 28]
Initial: 827 -> [1, 1, 1, 2, 2, 3, 6, 12, 12, 15, 26]
Initial: 828 -> [1, 1, 1, 2, 2, 3, 6, 12, 12, 15, 26]
Initial: 829 -> [1, 1, 1, 2, 2, 3, 6, 12, 12, 16, 29]
Initial: 830 -> [1, 1, 1, 2, 2, 3, 6, 12, 13, 18, 30]
Initial: 831 -> [1, 1, 1, 2, 2, 3, 6, 11, 11, 15, 26]
Initial: 832 -> [1, 1, 1, 2, 2, 3, 6, 12, 12, 15, 29]
Initial: 833 -> [1, 1, 1, 2, 2, 4, 8, 15, 15, 19, 38]
Initial: 834 -> [1, 1, 1, 2, 2, 4, 8, 16, 16, 22, 44]
Initial: 835 -> [1, 1, 1, 2, 2, 4, 8, 16, 16, 24, 48]
Initial: 836 -> [1, 1, 1, 2, 2, 4, 8, 16, 16, 21, 42]
Initial: 837 -> [1, 1, 1, 2, 2, 4, 8, 15, 16, 22, 40]
Initial: 838 -> [1, 1, 1, 2, 2, 4, 8, 16, 16, 24, 48]
Initial: 839 -> [1, 1, 1, 2, 2, 4, 8, 16, 16, 21, 42]
Initial: 840 -> [1, 1, 1, 2, 2, 4, 8, 16, 16, 22, 44]
Initial: 841 -> [1, 1, 1, 2, 2, 4, 7, 13, 14, 21, 41]
Initial: 842 -> [1, 1, 1, 2, 2, 4, 8, 15, 15, 24, 48]
Initial: 843 -> [1, 1, 1, 2, 2, 4, 8, 16, 16, 22, 44]
Initial: 844 -> [1, 1, 1, 2, 2, 4, 8, 15, 15, 20, 40]
Initial: 845 -> [1, 1, 1, 2, 3, 6, 8, 12, 17, 26, 46]
Initial: 846 -> [1, 1, 1, 2, 3, 6, 8, 14, 20, 26, 47]
Initial: 847 -> [1, 1, 1, 2, 2, 3, 6, 12, 12, 19, 30]
Initial: 848 -> [1, 1, 1, 2, 2, 3, 6, 12, 13, 18, 31]
Initial: 849 -> [1, 1, 1, 2, 2, 3, 6, 12, 13, 16, 28]
Initial: 850 -> [1, 1, 1, 2, 2, 3, 6, 12, 13, 16, 28]
Initial: 851 -> [1, 1, 1, 2, 2, 3, 6, 12, 13, 16, 28]
Initial: 852 -> [1, 1, 1, 2, 2, 3, 6, 12, 12, 17, 30]
Initial: 853 -> [1, 1, 1, 2, 2, 3, 6, 12, 12, 18, 32]
Initial: 854 -> [1, 1, 1, 2, 2, 3, 6, 12, 12, 14, 26]
Initial: 855 -> [1, 1, 1, 2, 2, 3, 5, 9, 10, 12, 20]
Initial: 856 -> [1, 1, 1, 2, 2, 3, 6, 12, 12, 17, 28]
Initial: 857 -> [1, 1, 1, 2, 2, 3, 6, 11, 12, 16, 28]
Initial: 858 -> [1, 1, 1, 2, 2, 3, 6, 12, 12, 17, 33]
Initial: 859 -> [1, 1, 1, 2, 2, 3, 6, 12, 12, 19, 34]
Initial: 860 -> [1, 1, 1, 2, 2, 3, 6, 12, 12, 18, 30]
Initial: 861 -> [1, 1, 1, 2, 2, 3, 6, 11, 12, 18, 29]
Initial: 862 -> [1, 1, 1, 2, 2, 4, 8, 16, 16, 22, 44]
Initial: 863 -> [1, 1, 1, 2, 2, 4, 8, 16, 16, 25, 50]
Initial: 864 -> [1, 1, 1, 2, 2, 4, 8, 16, 16, 23, 46]
Initial: 865 -> [1, 1, 1, 2, 2, 4, 7, 14, 14, 17, 34]
Initial: 866 -> [1, 1, 1, 2, 2, 4, 8, 16, 16, 23, 46]
Initial: 867 -> [1, 1, 1, 2, 2, 4, 8, 14, 14, 21, 42]
Initial: 868 -> [1, 1, 1, 2, 2, 4, 8, 16, 16, 22, 44]
Initial: 869 -> [1, 1, 1, 2, 2, 4, 8, 15, 15, 20, 40]
Initial: 870 -> [1, 1, 1, 2, 2, 4, 8, 16, 16, 23, 46]
Initial: 871 -> [1, 1, 1, 2, 2, 4, 8, 15, 16, 26, 48]
Initial: 872 -> [1, 1, 1, 2, 2, 4, 8, 16, 16, 23, 46]
Initial: 873 -> [1, 1, 1, 2, 2, 4, 8, 16, 16, 26, 52]
Initial: 874 -> [1, 1, 1, 2, 3, 6, 8, 15, 22, 27, 44]
Initial: 875 -> [1, 1, 1, 2, 3, 5, 6, 11, 16, 19, 29]
Initial: 876 -> [1, 1, 1, 2, 2, 3, 6, 10, 12, 21, 41]
Initial: 877 -> [1, 1, 1, 2, 2, 3, 6, 12, 12, 19, 36]
Initial: 878 -> [1, 1, 1, 2, 2, 3, 6, 11, 11, 16, 28]
Initial: 879 -> [1, 1, 1, 2, 2, 3, 5, 10, 10, 15, 22]
Initial: 880 -> [1, 1, 1, 2, 2, 3, 6, 12, 12, 16, 30]
Initial: 881 -> [1, 1, 1, 2, 2, 3, 6, 11, 12, 17, 28]
Initial: 882 -> [1, 1, 1, 2, 2, 3, 6, 12, 12, 21, 37]
Initial: 883 -> [1, 1, 1, 2, 2, 3, 6, 12, 12, 21, 36]
Initial: 884 -> [1, 1, 1, 2, 2, 3, 6, 12, 12, 18, 34]
Initial: 885 -> [1, 1, 1, 2, 2, 3, 6, 12, 12, 16, 28]
Initial: 886 -> [1, 1, 1, 2, 2, 3, 6, 12, 12, 17, 30]
Initial: 887 -> [1, 1, 1, 2, 2, 3, 6, 12, 12, 18, 32]
Initial: 888 -> [1, 1, 1, 2, 2, 3, 6, 12, 13, 18, 30]
Initial: 889 -> [1, 1, 1, 2, 2, 3, 6, 10, 12, 20, 28]
Initial: 890 -> [1, 1, 1, 2, 2, 3, 6, 12, 12, 16, 30]
Initial: 891 -> [1, 1, 1, 2, 2, 4, 8, 15, 15, 21, 42]
Initial: 892 -> [1, 1, 1, 2, 2, 4, 8, 15, 15, 20, 40]
Initial: 893 -> [1, 1, 1, 2, 2, 4, 8, 15, 16, 23, 42]
Initial: 894 -> [1, 1, 1, 2, 2, 4, 8, 16, 16, 23, 46]
Initial: 895 -> [1, 1, 1, 2, 2, 4, 8, 16, 16, 22, 44]
Initial: 896 -> [1, 1, 1, 2, 2, 4, 7, 12, 14, 21, 37]
Initial: 897 -> [1, 1, 1, 2, 2, 4, 8, 14, 16, 26, 44]
Initial: 898 -> [1, 1, 1, 2, 2, 4, 8, 16, 16, 22, 44]
Initial: 899 -> [1, 1, 1, 2, 2, 4, 8, 16, 16, 23, 46]
Initial: 900 -> [1, 1, 1, 2, 2, 4, 8, 15, 15, 23, 46]
Initial: 901 -> [1, 1, 1, 2, 2, 4, 8, 16, 16, 25, 50]
Initial: 902 -> [1, 1, 1, 2, 2, 4, 8, 16, 16, 25, 50]
Initial: 903 -> [1, 1, 1, 2, 3, 6, 8, 13, 19, 26, 47]
Initial: 904 -> [1, 1, 1, 2, 3, 5, 8, 15, 18, 23, 42]
Initial: 905 -> [1, 1, 1, 2, 3, 6, 8, 13, 20, 26, 40]
Initial: 906 -> [1, 1, 1, 2, 2, 3, 6, 12, 13, 17, 30]
Initial: 907 -> [1, 1, 1, 2, 2, 3, 6, 12, 12, 16, 30]
Initial: 908 -> [1, 1, 1, 2, 2, 3, 6, 11, 12, 18, 28]
Initial: 909 -> [1, 1, 1, 2, 2, 3, 6, 12, 12, 15, 26]
Initial: 910 -> [1, 1, 1, 2, 2, 3, 5, 9, 10, 13, 21]
Initial: 911 -> [1, 1, 1, 2, 2, 3, 6, 12, 12, 16, 28]
Initial: 912 -> [1, 1, 1, 2, 2, 3, 6, 12, 12, 16, 28]
Initial: 913 -> [1, 1, 1, 2, 2, 3, 6, 12, 12, 16, 28]
Initial: 914 -> [1, 1, 1, 2, 2, 3, 6, 11, 11, 16, 26]
Initial: 915 -> [1, 1, 1, 2, 2, 3, 6, 12, 13, 16, 27]
Initial: 916 -> [1, 1, 1, 2, 2, 3, 6, 12, 12, 14, 26]
Initial: 917 -> [1, 1, 1, 2, 2, 3, 6, 11, 12, 17, 26]
Initial: 918 -> [1, 1, 1, 2, 2, 3, 6, 12, 12, 20, 34]
Initial: 919 -> [1, 1, 1, 2, 2, 3, 6, 12, 12, 16, 28]
Initial: 920 -> [1, 1, 1, 2, 2, 3, 5, 8, 9, 12, 22]
Initial: 921 -> [1, 1, 1, 2, 2, 4, 8, 15, 16, 23, 42]
Initial: 922 -> [1, 1, 1, 2, 2, 4, 8, 16, 16, 21, 42]
Initial: 923 -> [1, 1, 1, 2, 2, 4, 8, 16, 16, 22, 44]
Initial: 924 -> [1, 1, 1, 2, 2, 4, 8, 16, 16, 24, 48]
Initial: 925 -> [1, 1, 1, 2, 2, 4, 8, 15, 15, 21, 42]
Initial: 926 -> [1, 1, 1, 2, 2, 4, 8, 16, 16, 21, 42]
Initial: 927 -> [1, 1, 1, 2, 2, 4, 8, 15, 15, 21, 42]
Initial: 928 -> [1, 1, 1, 2, 2, 4, 8, 16, 16, 22, 44]
Initial: 929 -> [1, 1, 1, 2, 2, 4, 8, 15, 16, 21, 38]
Initial: 930 -> [1, 1, 1, 2, 2, 4, 7, 14, 14, 22, 42]
Initial: 931 -> [1, 1, 1, 2, 2, 4, 8, 16, 16, 25, 50]
Initial: 932 -> [1, 1, 1, 2, 3, 6, 8, 14, 20, 27, 47]
Initial: 933 -> [1, 1, 1, 2, 3, 5, 7, 12, 18, 27, 39]
Initial: 934 -> [1, 1, 1, 2, 3, 6, 8, 14, 20, 28, 50]
Initial: 935 -> [1, 1, 1, 2, 2, 3, 6, 12, 12, 17, 32]
Initial: 936 -> [1, 1, 1, 2, 2, 3, 6, 12, 12, 17, 31]
Initial: 937 -> [1, 1, 1, 2, 2, 3, 6, 12, 12, 17, 28]
Initial: 938 -> [1, 1, 1, 2, 2, 3, 6, 11, 11, 15, 28]
Initial: 939 -> [1, 1, 1, 2, 2, 3, 6, 12, 12, 15, 28]
Initial: 940 -> [1, 1, 1, 2, 2, 3, 6, 12, 12, 17, 28]
Initial: 941 -> [1, 1, 1, 2, 2, 3, 6, 11, 12, 20, 30]
Initial: 942 -> [1, 1, 1, 2, 2, 3, 6, 12, 12, 17, 32]
Initial: 943 -> [1, 1, 1, 2, 2, 3, 6, 12, 12, 17, 30]
Initial: 944 -> [1, 1, 1, 2, 2, 3, 5, 10, 10, 14, 23]
Initial: 945 -> [1, 1, 1, 2, 2, 3, 6, 12, 12, 17, 28]
Initial: 946 -> [1, 1, 1, 2, 2, 3, 6, 11, 11, 17, 30]
Initial: 947 -> [1, 1, 1, 2, 2, 3, 6, 12, 12, 16, 26]
Initial: 948 -> [1, 1, 1, 2, 2, 3, 6, 12, 12, 16, 28]
Initial: 949 -> [1, 1, 1, 2, 2, 3, 6, 11, 11, 16, 28]
Initial: 950 -> [1, 1, 1, 2, 2, 4, 8, 14, 14, 18, 36]
Initial: 951 -> [1, 1, 1, 2, 2, 4, 7, 13, 14, 18, 36]
Initial: 952 -> [1, 1, 1, 2, 2, 4, 8, 16, 16, 22, 44]
Initial: 953 -> [1, 1, 1, 2, 2, 4, 8, 15, 16, 23, 42]
Initial: 954 -> [1, 1, 1, 2, 2, 4, 8, 15, 15, 20, 40]
Initial: 955 -> [1, 1, 1, 2, 2, 4, 8, 16, 16, 21, 42]
Initial: 956 -> [1, 1, 1, 2, 2, 4, 8, 16, 16, 23, 46]
Initial: 957 -> [1, 1, 1, 2, 2, 4, 8, 15, 16, 22, 40]
Initial: 958 -> [1, 1, 1, 2, 2, 4, 8, 15, 15, 23, 46]
Initial: 959 -> [1, 1, 1, 2, 2, 4, 8, 16, 16, 25, 50]
Initial: 960 -> [1, 1, 1, 2, 2, 4, 8, 16, 16, 22, 44]
Initial: 961 -> [1, 1, 1, 2, 3, 6, 7, 10, 16, 22, 40]
Initial: 962 -> [1, 1, 1, 2, 3, 6, 8, 15, 22, 26, 48]
Initial: 963 -> [1, 1, 1, 2, 3, 6, 8, 12, 17, 25, 46]
Initial: 964 -> [1, 1, 1, 2, 2, 3, 6, 12, 13, 15, 27]
Initial: 965 -> [1, 1, 1, 2, 2, 3, 5, 8, 10, 13, 19]
Initial: 966 -> [1, 1, 1, 2, 2, 3, 6, 11, 11, 16, 29]
Initial: 967 -> [1, 1, 1, 2, 2, 3, 6, 12, 12, 18, 30]
Initial: 968 -> [1, 1, 1, 2, 2, 3, 6, 12, 12, 15, 27]
Initial: 969 -> [1, 1, 1, 2, 2, 3, 6, 12, 12, 17, 31]
Initial: 970 -> [1, 1, 1, 2, 2, 3, 6, 12, 12, 18, 31]
Initial: 971 -> [1, 1, 1, 2, 2, 3, 6, 12, 12, 15, 26]
Initial: 972 -> [1, 1, 1, 2, 2, 3, 6, 12, 12, 19, 31]
Initial: 973 -> [1, 1, 1, 2, 2, 3, 6, 12, 13, 18, 29]
Initial: 974 -> [1, 1, 1, 2, 2, 3, 6, 11, 11, 14, 24]
Initial: 975 -> [1, 1, 1, 2, 2, 3, 5, 8, 9, 13, 23]
Initial: 976 -> [1, 1, 1, 2, 2, 3, 6, 12, 12, 18, 29]
Initial: 977 -> [1, 1, 1, 2, 2, 3, 6, 11, 11, 17, 29]
Initial: 978 -> [1, 1, 1, 2, 2, 3, 6, 10, 10, 16, 29]
Initial: 979 -> [1, 1, 1, 2, 2, 4, 8, 16, 16, 20, 40]
Initial: 980 -> [1, 1, 1, 2, 2, 4, 8, 14, 16, 23, 38]
Initial: 981 -> [1, 1, 1, 2, 2, 4, 8, 15, 15, 24, 48]
Initial: 982 -> [1, 1, 1, 2, 2, 4, 8, 16, 16, 24, 48]
Initial: 983 -> [1, 1, 1, 2, 2, 4, 8, 16, 16, 22, 44]
Initial: 984 -> [1, 1, 1, 2, 2, 4, 8, 16, 16, 22, 44]
Initial: 985 -> [1, 1, 1, 2, 2, 4, 7, 14, 14, 18, 34]
Initial: 986 -> [1, 1, 1, 2, 2, 4, 8, 15, 15, 24, 48]
Initial: 987 -> [1, 1, 1, 2, 2, 4, 8, 16, 16, 24, 48]
Initial: 988 -> [1, 1, 1, 2, 2, 4, 8, 16, 16, 24, 48]
Initial: 989 -> [1, 1, 1, 2, 2, 4, 8, 15, 15, 21, 42]
Initial: 990 -> [1, 1, 1, 2, 2, 4, 8, 15, 15, 22, 44]
Initial: 991 -> [1, 1, 1, 2, 3, 6, 8, 13, 18, 28, 54]
Initial: 992 -> [1, 1, 1, 2, 3, 6, 8, 15, 22, 30, 52]
Initial: 993 -> [1, 1, 1, 2, 2, 3, 6, 12, 12, 19, 36]
Initial: 994 -> [1, 1, 1, 2, 2, 3, 6, 12, 12, 18, 32]
Initial: 995 -> [1, 1, 1, 2, 2, 3, 6, 12, 12, 20, 32]
Initial: 996 -> [1, 1, 1, 2, 2, 3, 6, 12, 12, 20, 34]
Initial: 997 -> [1, 1, 1, 2, 2, 3, 6, 11, 11, 17, 31]
Initial: 998 -> [1, 1, 1, 2, 2, 3, 6, 12, 12, 20, 33]
Initial: 999 -> [1, 1, 1, 2, 2, 3, 5, 10, 10, 18, 24]
Initial: 1000 -> [1, 2, 3, 3, 5, 10, 12, 18, 35, 46, 56]
